LeftPos,LeftVelocity,LeftAcceleration,LeftJerk,LeftHeading,LeftDt,LeftX,LeftY,RightPos,RightVelocity,RightAcceleration,RightJerk,RightHeading,RightDt,RightX,RightY,
0.000, 0.059, 5.926, 592.593, 0.000, 0.010, 0.000, 1.063, 0.000, 0.059, 5.926, 592.593, 0.000, 0.010, 0.000, -1.062
0.001, 0.119, 5.926, -0.021, 0.000, 0.010, 0.001, 1.063, 0.001, 0.119, 5.926, 0.021, 0.000, 0.010, 0.001, -1.062
0.004, 0.267, 14.814, 888.781, 0.000, 0.010, 0.004, 1.063, 0.004, 0.267, 14.816, 888.996, 0.000, 0.010, 0.004, -1.062
0.009, 0.474, 20.736, 592.255, 0.000, 0.010, 0.009, 1.063, 0.009, 0.474, 20.745, 592.930, 0.000, 0.010, 0.009, -1.062
0.016, 0.741, 26.654, 591.817, 0.000, 0.010, 0.016, 1.063, 0.016, 0.741, 26.679, 593.368, 0.000, 0.010, 0.016, -1.062
0.027, 1.066, 32.565, 591.101, 0.000, 0.010, 0.027, 1.063, 0.027, 1.067, 32.620, 594.084, 0.000, 0.010, 0.027, -1.062
0.041, 1.451, 38.466, 590.041, 0.000, 0.010, 0.041, 1.063, 0.041, 1.453, 38.571, 595.144, 0.000, 0.010, 0.041, -1.062
0.060, 1.894, 44.351, 588.570, 0.000, 0.010, 0.060, 1.063, 0.060, 1.898, 44.538, 596.615, 0.000, 0.010, 0.060, -1.062
0.084, 2.397, 50.218, 586.626, 0.000, 0.010, 0.084, 1.063, 0.085, 2.403, 50.523, 598.559, 0.000, 0.010, 0.085, -1.062
0.114, 2.957, 56.059, 584.150, 0.000, 0.010, 0.114, 1.063, 0.114, 2.969, 56.533, 601.035, 0.000, 0.010, 0.114, -1.062
0.150, 3.576, 61.870, 581.086, 0.000, 0.010, 0.150, 1.063, 0.150, 3.595, 62.574, 604.100, 0.000, 0.010, 0.150, -1.062
0.192, 4.252, 67.644, 577.381, 0.000, 0.010, 0.192, 1.063, 0.193, 4.281, 68.653, 607.804, 0.000, 0.010, 0.193, -1.062
0.242, 4.986, 73.374, 572.986, 0.001, 0.010, 0.242, 1.063, 0.243, 5.029, 74.774, 612.199, 0.001, 0.010, 0.243, -1.062
0.300, 5.777, 79.052, 567.852, 0.001, 0.010, 0.300, 1.063, 0.302, 5.838, 80.948, 617.333, 0.001, 0.010, 0.302, -1.062
0.366, 6.623, 84.671, 561.930, 0.001, 0.010, 0.366, 1.063, 0.369, 6.710, 87.180, 623.255, 0.001, 0.010, 0.369, -1.062
0.441, 7.525, 90.223, 555.165, 0.002, 0.010, 0.441, 1.063, 0.445, 7.645, 93.481, 630.020, 0.002, 0.010, 0.445, -1.062
0.526, 8.482, 95.698, 547.491, 0.003, 0.010, 0.526, 1.063, 0.532, 8.643, 99.858, 637.694, 0.003, 0.010, 0.532, -1.062
0.621, 9.493, 101.086, 538.824, 0.004, 0.010, 0.621, 1.063, 0.629, 9.707, 106.321, 646.359, 0.004, 0.010, 0.629, -1.062
0.726, 10.528, 103.455, 236.908, 0.005, 0.010, 0.726, 1.064, 0.737, 10.805, 109.878, 355.682, 0.005, 0.010, 0.737, -1.061
0.842, 11.556, 102.825, -63.007, 0.007, 0.010, 0.842, 1.064, 0.856, 11.911, 110.508, 63.002, 0.007, 0.010, 0.856, -1.061
0.968, 12.577, 102.131, -69.418, 0.009, 0.010, 0.968, 1.065, 0.986, 13.023, 111.202, 69.411, 0.009, 0.010, 0.986, -1.060
1.104, 13.591, 101.369, -76.233, 0.011, 0.010, 1.104, 1.067, 1.127, 14.142, 111.964, 76.222, 0.011, 0.010, 1.127, -1.058
1.250, 14.596, 100.532, -83.643, 0.014, 0.010, 1.250, 1.069, 1.280, 15.270, 112.801, 83.627, 0.014, 0.010, 1.280, -1.056
1.406, 15.593, 99.614, -91.875, 0.018, 0.010, 1.405, 1.071, 1.444, 16.407, 113.719, 91.851, 0.018, 0.010, 1.444, -1.054
1.571, 16.579, 98.602, -101.194, 0.023, 0.010, 1.571, 1.074, 1.620, 17.555, 114.731, 101.162, 0.023, 0.010, 1.620, -1.050
1.747, 17.553, 97.482, -111.916, 0.028, 0.010, 1.747, 1.079, 1.807, 18.713, 115.849, 111.868, 0.028, 0.010, 1.807, -1.045
1.932, 18.516, 96.239, -124.398, 0.035, 0.010, 1.932, 1.085, 2.006, 19.884, 117.093, 124.337, 0.035, 0.010, 2.006, -1.039
2.127, 19.464, 94.848, -139.068, 0.042, 0.010, 2.126, 1.092, 2.216, 21.069, 118.483, 138.981, 0.042, 0.010, 2.216, -1.031
2.331, 20.397, 93.284, -156.407, 0.051, 0.010, 2.330, 1.102, 2.439, 22.269, 120.045, 156.289, 0.051, 0.010, 2.439, -1.021
2.544, 21.312, 91.514, -176.972, 0.061, 0.010, 2.543, 1.114, 2.674, 23.488, 121.814, 176.815, 0.061, 0.010, 2.673, -1.007
2.766, 22.207, 89.500, -201.388, 0.073, 0.010, 2.764, 1.129, 2.921, 24.726, 123.825, 201.172, 0.073, 0.010, 2.920, -0.991
2.997, 23.079, 87.197, -230.331, 0.087, 0.010, 2.994, 1.147, 3.181, 25.987, 126.126, 230.040, 0.087, 0.010, 3.179, -0.970
3.236, 23.925, 84.552, -264.493, 0.103, 0.010, 3.233, 1.170, 3.454, 27.275, 128.767, 264.102, 0.103, 0.010, 3.450, -0.944
3.483, 24.740, 81.507, -304.502, 0.121, 0.010, 3.478, 1.197, 3.740, 28.593, 131.806, 303.970, 0.121, 0.010, 3.734, -0.912
3.738, 25.520, 77.999, -350.746, 0.142, 0.010, 3.731, 1.230, 4.039, 29.946, 135.307, 350.031, 0.142, 0.010, 4.031, -0.873
4.001, 26.260, 73.969, -403.093, 0.165, 0.010, 3.991, 1.271, 4.353, 31.339, 139.328, 402.127, 0.165, 0.010, 4.341, -0.825
4.271, 26.953, 69.365, -460.362, 0.193, 0.010, 4.256, 1.319, 4.680, 32.778, 143.919, 459.056, 0.193, 0.010, 4.664, -0.767
4.547, 27.595, 64.170, -519.455, 0.224, 0.010, 4.526, 1.376, 5.023, 34.269, 149.096, 517.720, 0.224, 0.010, 4.999, -0.696
4.828, 28.179, 58.430, -574.057, 0.260, 0.010, 4.800, 1.443, 5.381, 35.817, 154.813, 571.755, 0.260, 0.010, 5.347, -0.610
5.115, 28.702, 52.303, -612.659, 0.301, 0.010, 5.076, 1.523, 5.756, 37.426, 160.910, 609.692, 0.301, 0.010, 5.706, -0.507
5.407, 29.164, 46.141, -616.248, 0.348, 0.010, 5.352, 1.615, 6.147, 39.097, 167.035, 612.527, 0.348, 0.010, 6.077, -0.382
5.703, 29.569, 40.579, -556.180, 0.401, 0.010, 5.627, 1.724, 6.555, 40.822, 172.553, 551.774, 0.401, 0.010, 6.457, -0.233
6.002, 29.936, 36.634, -394.504, 0.461, 0.010, 5.899, 1.848, 6.981, 42.587, 176.451, 389.736, 0.461, 0.010, 6.844, -0.055
6.305, 30.293, 35.729, -90.472, 0.527, 0.010, 6.166, 1.992, 7.424, 44.360, 177.312, 86.104, 0.527, 0.010, 7.235, 0.155
6.612, 30.688, 39.548, 381.857, 0.599, 0.010, 6.426, 2.155, 7.885, 46.095, 173.466, -384.528, 0.599, 0.010, 7.624, 0.401
6.923, 31.161, 47.258, 770.999, 0.677, 0.010, 6.676, 2.341, 8.362, 47.693, 159.842, -1362.447, 0.677, 0.010, 8.008, 0.685
7.241, 31.756, 59.465, 1220.699, 0.759, 0.010, 6.915, 2.550, 8.853, 49.052, 135.848, -2399.365, 0.759, 0.010, 8.377, 1.007
7.566, 32.528, 77.202, 1773.697, 0.841, 0.010, 7.142, 2.783, 9.354, 50.115, 106.373, -2947.475, 0.841, 0.010, 8.726, 1.367
7.901, 33.500, 97.265, 2006.326, 0.923, 0.010, 7.355, 3.042, 9.862, 50.861, 74.600, -3177.366, 0.923, 0.010, 9.049, 1.760
8.248, 34.656, 115.607, 1834.189, 1.001, 0.010, 7.553, 3.327, 10.375, 51.307, 44.541, -3005.868, 1.001, 0.010, 9.342, 2.181
8.607, 35.945, 128.840, 1323.291, 1.075, 0.010, 7.735, 3.636, 10.891, 51.502, 19.555, -2498.572, 1.075, 0.010, 9.604, 2.625
8.980, 37.298, 135.315, 647.557, 1.142, 0.010, 7.901, 3.970, 11.406, 51.515, 1.278, -1827.699, 1.142, 0.010, 9.833, 3.086
9.367, 38.650, 135.216, -9.918, 1.202, 0.010, 8.051, 4.326, 11.920, 51.410, -10.468, -1174.612, 1.202, 0.010, 10.033, 3.560
9.766, 39.949, 129.899, -531.749, 1.255, 0.010, 8.185, 4.703, 12.432, 51.240, -17.025, -655.755, 1.255, 0.010, 10.205, 4.042
10.178, 41.160, 121.089, -880.990, 1.301, 0.010, 8.304, 5.097, 12.943, 51.039, -20.105, -308.011, 1.301, 0.010, 10.352, 4.531
10.601, 42.263, 110.335, -1075.406, 1.342, 0.010, 8.408, 5.507, 13.451, 50.827, -21.245, -113.988, 1.342, 0.010, 10.477, 5.024
11.033, 43.251, 98.785, -1154.930, 1.376, 0.010, 8.499, 5.929, 13.957, 50.611, -21.588, -34.227, 1.376, 0.010, 10.583, 5.518
11.474, 44.123, 87.186, -1159.978, 1.406, 0.010, 8.577, 6.364, 14.461, 50.392, -21.874, -28.652, 1.406, 0.010, 10.673, 6.014
11.923, 44.883, 75.963, -1122.275, 1.431, 0.010, 8.645, 6.807, 14.963, 50.167, -22.532, -65.760, 1.431, 0.010, 10.749, 6.510
12.378, 45.536, 65.329, -1063.411, 1.451, 0.010, 8.704, 7.259, 15.462, 49.929, -23.772, -124.074, 1.451, 0.010, 10.814, 7.005
12.839, 46.090, 55.362, -996.640, 1.468, 0.010, 8.755, 7.717, 15.959, 49.672, -25.676, -190.374, 1.468, 0.010, 10.869, 7.499
13.305, 46.550, 46.069, -929.370, 1.481, 0.010, 8.800, 8.180, 16.452, 49.390, -28.249, -257.270, 1.481, 0.010, 10.916, 7.991
13.774, 46.924, 37.416, -865.261, 1.492, 0.010, 8.839, 8.648, 16.943, 49.075, -31.460, -321.088, 1.492, 0.010, 10.957, 8.480
14.247, 47.247, 32.285, -513.140, 1.499, 0.010, 8.875, 9.119, 17.431, 48.752, -32.264, -80.402, 1.499, 0.010, 10.994, 8.966
14.722, 47.555, 30.720, -156.505, 1.503, 0.010, 8.908, 9.593, 17.915, 48.445, -30.707, 155.718, 1.503, 0.010, 11.028, 9.449
15.201, 47.853, 29.802, -91.800, 1.504, 0.010, 8.940, 10.071, 18.397, 48.147, -29.795, 91.123, 1.504, 0.010, 11.060, 9.929
15.682, 48.148, 29.497, -30.429, 1.503, 0.010, 8.972, 10.551, 18.875, 47.852, -29.497, 29.803, 1.503, 0.010, 11.092, 10.407
16.167, 48.445, 29.795, 29.816, 1.499, 0.010, 9.006, 11.034, 19.351, 47.554, -29.802, -30.441, 1.499, 0.010, 11.125, 10.881
16.654, 48.753, 30.707, 91.135, 1.492, 0.010, 9.043, 11.521, 19.823, 47.247, -30.720, -91.813, 1.492, 0.010, 11.161, 11.352
17.145, 49.075, 32.264, 155.731, 1.481, 0.010, 9.084, 12.010, 20.292, 46.924, -32.285, -156.518, 1.481, 0.010, 11.200, 11.820
17.639, 49.420, 34.522, 225.795, 1.468, 0.010, 9.131, 12.501, 20.758, 46.579, -34.553, -226.758, 1.468, 0.010, 11.245, 12.284
18.137, 49.796, 37.556, 303.411, 1.451, 0.010, 9.186, 12.996, 21.220, 46.203, -37.599, -304.641, 1.451, 0.010, 11.296, 12.743
18.639, 50.211, 41.459, 390.320, 1.430, 0.010, 9.251, 13.494, 21.678, 45.788, -41.518, -391.927, 1.430, 0.010, 11.355, 13.197
19.146, 50.674, 46.333, 487.352, 1.405, 0.010, 9.328, 13.995, 22.131, 45.324, -46.413, -489.488, 1.405, 0.010, 11.424, 13.645
19.658, 51.197, 52.266, 593.340, 1.375, 0.010, 9.420, 14.499, 22.579, 44.800, -52.375, -596.200, 1.375, 0.010, 11.504, 14.086
20.176, 51.790, 59.297, 703.105, 1.339, 0.010, 9.530, 15.005, 23.021, 44.205, -59.444, -706.920, 1.339, 0.010, 11.598, 14.518
20.700, 52.463, 67.337, 803.995, 1.297, 0.010, 9.660, 15.513, 23.457, 43.530, -67.535, -809.028, 1.297, 0.010, 11.706, 14.939
21.233, 53.223, 76.044, 870.624, 1.248, 0.010, 9.816, 16.022, 23.884, 42.767, -76.305, -877.063, 1.248, 0.010, 11.832, 15.348
21.773, 54.070, 84.625, 858.105, 1.191, 0.010, 10.002, 16.530, 24.304, 41.917, -84.964, -865.918, 1.191, 0.010, 11.976, 15.742
22.323, 54.986, 91.595, 697.012, 1.125, 0.010, 10.222, 17.033, 24.714, 40.997, -92.020, -705.595, 1.125, 0.010, 12.140, 16.117
22.882, 55.931, 94.582, 298.774, 1.050, 0.010, 10.482, 17.529, 25.114, 40.046, -95.085, -306.492, 1.050, 0.010, 12.325, 16.472
23.451, 56.836, 90.457, -412.530, 0.967, 0.010, 10.784, 18.010, 25.505, 39.136, -90.998, 408.682, 0.967, 0.010, 12.534, 16.804
24.027, 57.598, 76.163, -1429.391, 0.876, 0.010, 11.132, 18.469, 25.889, 38.370, -76.665, 1433.348, 0.876, 0.010, 12.765, 17.109
24.608, 58.102, 50.415, -2574.831, 0.781, 0.010, 11.525, 18.897, 26.268, 37.862, -50.770, 2589.473, 0.781, 0.010, 13.021, 17.389
25.190, 58.257, 15.501, -3491.341, 0.684, 0.010, 11.958, 19.287, 26.645, 37.706, -15.614, 3515.578, 0.684, 0.010, 13.301, 17.641
25.771, 58.032, -22.491, -3799.295, 0.590, 0.010, 12.425, 19.632, 27.024, 37.932, 22.655, 3826.931, 0.590, 0.010, 13.606, 17.866
26.345, 57.471, -56.050, -3355.870, 0.501, 0.010, 12.916, 19.930, 27.409, 38.497, 56.441, 3378.639, 0.501, 0.010, 13.936, 18.066
26.912, 56.674, -79.724, -2367.429, 0.419, 0.010, 13.424, 20.181, 27.802, 39.299, 80.241, 2380.014, 0.419, 0.010, 14.288, 18.240
27.470, 55.754, -92.017, -1229.305, 0.346, 0.010, 13.942, 20.389, 28.204, 40.225, 92.557, 1231.553, 0.346, 0.010, 14.662, 18.389
28.018, 54.807, -94.719, -270.113, 0.281, 0.010, 14.463, 20.557, 28.616, 41.177, 95.210, 265.319, 0.281, 0.010, 15.053, 18.516
28.557, 53.897, -91.007, 371.202, 0.226, 0.010, 14.985, 20.692, 29.037, 42.091, 91.418, -379.199, 0.226, 0.010, 15.461, 18.621
29.087, 53.058, -83.905, 710.183, 0.178, 0.010, 15.505, 20.799, 29.466, 42.933, 84.232, -718.648, 0.178, 0.010, 15.881, 18.707
29.610, 52.301, -75.616, 828.904, 0.138, 0.010, 16.021, 20.881, 29.903, 43.692, 75.867, -836.444, 0.138, 0.010, 16.313, 18.776
30.127, 51.627, -67.487, 812.847, 0.104, 0.010, 16.534, 20.943, 30.347, 44.369, 67.677, -818.990, 0.104, 0.010, 16.753, 18.829
30.637, 51.024, -60.231, 725.663, 0.075, 0.010, 17.042, 20.988, 30.797, 44.973, 60.373, -730.445, 0.075, 0.010, 17.201, 18.869
31.142, 50.483, -54.162, 606.827, 0.052, 0.010, 17.546, 21.020, 31.252, 45.515, 54.268, -610.464, 0.052, 0.010, 17.656, 18.898
31.641, 49.989, -49.389, 477.331, 0.033, 0.010, 18.045, 21.041, 31.712, 46.010, 49.467, -480.079, 0.033, 0.010, 18.115, 18.917
32.137, 49.529, -45.929, 346.036, 0.019, 0.010, 18.540, 21.053, 32.177, 46.470, 45.986, -348.140, 0.019, 0.010, 18.580, 18.929
32.628, 49.092, -43.786, 214.294, 0.008, 0.010, 19.031, 21.060, 32.646, 46.908, 43.826, -215.956, 0.008, 0.010, 19.049, 18.935
33.114, 48.662, -43.000, 78.560, 0.002, 0.010, 19.518, 21.062, 33.119, 47.338, 43.027, -79.955, 0.002, 0.010, 19.522, 18.937
33.597, 48.225, -43.686, -68.580, 6.283, 0.010, 20.000, 21.063, 33.597, 47.775, 43.700, 67.280, 6.283, 0.010, 20.000, 18.938
34.077, 48.049, -17.582, 2610.367, 6.283, 0.010, 20.481, 21.062, 34.076, 47.951, 17.584, -2611.557, 6.283, 0.010, 20.480, 18.937
34.558, 48.144, 9.506, 2708.842, 6.281, 0.010, 20.962, 21.062, 34.555, 47.856, -9.507, -2709.088, 6.281, 0.010, 20.958, 18.937
35.041, 48.235, 9.127, -37.878, 6.279, 0.010, 21.444, 21.061, 35.032, 47.765, -9.129, 37.820, 6.279, 0.010, 21.436, 18.936
35.524, 48.323, 8.777, -35.068, 6.276, 0.010, 21.928, 21.058, 35.509, 47.677, -8.778, 35.017, 6.276, 0.010, 21.913, 18.933
36.008, 48.407, 8.450, -32.678, 6.272, 0.010, 22.412, 21.054, 35.985, 47.592, -8.452, 32.633, 6.272, 0.010, 22.388, 18.929
36.493, 48.489, 8.143, -30.689, 6.268, 0.010, 22.896, 21.047, 36.460, 47.511, -8.146, 30.650, 6.268, 0.010, 22.864, 18.922
36.979, 48.567, 7.852, -29.082, 6.262, 0.010, 23.382, 21.038, 36.935, 47.432, -7.855, 29.047, 6.262, 0.010, 23.338, 18.914
37.465, 48.643, 7.574, -27.837, 6.256, 0.010, 23.868, 21.027, 37.408, 47.357, -7.577, 27.807, 6.256, 0.010, 23.811, 18.903
37.952, 48.716, 7.304, -26.937, 6.250, 0.010, 24.355, 21.012, 37.881, 47.284, -7.308, 26.909, 6.250, 0.010, 24.284, 18.888
38.440, 48.787, 7.041, -26.360, 6.242, 0.010, 24.843, 20.994, 38.353, 47.213, -7.045, 26.338, 6.242, 0.010, 24.756, 18.871
38.929, 48.854, 6.780, -26.090, 6.234, 0.010, 25.331, 20.972, 38.825, 47.145, -6.784, 26.070, 6.234, 0.010, 25.227, 18.849
39.418, 48.920, 6.519, -26.104, 6.225, 0.010, 25.819, 20.946, 39.295, 47.080, -6.523, 26.089, 6.225, 0.010, 25.697, 18.824
39.908, 48.982, 6.255, -26.383, 6.216, 0.010, 26.308, 20.915, 39.766, 47.017, -6.259, 26.371, 6.216, 0.010, 26.166, 18.795
40.398, 49.042, 5.986, -26.901, 6.206, 0.010, 26.797, 20.880, 40.235, 46.958, -5.990, 26.895, 6.206, 0.010, 26.634, 18.761
40.889, 49.099, 5.710, -27.638, 6.196, 0.010, 27.287, 20.840, 40.704, 46.900, -5.714, 27.633, 6.196, 0.010, 27.102, 18.723
41.381, 49.153, 5.424, -28.560, 6.185, 0.010, 27.776, 20.795, 41.173, 46.846, -5.428, 28.561, 6.185, 0.010, 27.568, 18.680
41.873, 49.205, 5.128, -29.641, 6.174, 0.010, 28.266, 20.744, 41.641, 46.795, -5.132, 29.646, 6.174, 0.010, 28.034, 18.631
42.365, 49.253, 4.819, -30.848, 6.162, 0.010, 28.755, 20.687, 42.108, 46.747, -4.823, 30.857, 6.162, 0.010, 28.498, 18.578
42.858, 49.298, 4.498, -32.146, 6.150, 0.010, 29.244, 20.624, 42.575, 46.702, -4.502, 32.158, 6.150, 0.010, 28.961, 18.518
43.352, 49.339, 4.163, -33.495, 6.137, 0.010, 29.732, 20.556, 43.042, 46.660, -4.167, 33.514, 6.137, 0.010, 29.423, 18.453
43.845, 49.378, 3.814, -34.861, 6.124, 0.010, 30.221, 20.481, 43.508, 46.622, -3.818, 34.882, 6.124, 0.010, 29.884, 18.383
44.340, 49.412, 3.452, -36.199, 6.111, 0.010, 30.708, 20.399, 43.974, 46.587, -3.456, 36.225, 6.111, 0.010, 30.344, 18.306
44.834, 49.443, 3.077, -37.471, 6.097, 0.010, 31.194, 20.311, 44.439, 46.556, -3.081, 37.501, 6.097, 0.010, 30.802, 18.223
45.329, 49.470, 2.691, -38.638, 6.084, 0.010, 31.680, 20.217, 44.905, 46.529, -2.694, 38.671, 6.084, 0.010, 31.258, 18.134
45.824, 49.493, 2.294, -39.661, 6.069, 0.010, 32.164, 20.115, 45.370, 46.506, -2.297, 39.698, 6.069, 0.010, 31.714, 18.038
46.319, 49.512, 1.889, -40.505, 6.055, 0.010, 32.647, 20.007, 45.835, 46.488, -1.891, 40.545, 6.055, 0.010, 32.167, 17.937
46.814, 49.526, 1.478, -41.140, 6.041, 0.010, 33.129, 19.891, 46.299, 46.473, -1.480, 41.182, 6.041, 0.010, 32.619, 17.828
47.309, 49.537, 1.063, -41.540, 6.026, 0.010, 33.609, 19.769, 46.764, 46.462, -1.064, 41.584, 6.026, 0.010, 33.069, 17.714
47.805, 49.543, 0.646, -41.685, 6.012, 0.010, 34.087, 19.640, 47.228, 46.456, -0.646, 41.730, 6.012, 0.010, 33.518, 17.592
48.300, 49.546, 0.230, -41.561, 5.997, 0.010, 34.564, 19.503, 47.693, 46.453, -0.230, 41.607, 5.997, 0.010, 33.965, 17.465
48.796, 49.544, -0.181, -41.164, 5.983, 0.010, 35.038, 19.360, 48.158, 46.455, 0.182, 41.209, 5.983, 0.010, 34.409, 17.330
49.291, 49.538, -0.586, -40.492, 5.968, 0.010, 35.510, 19.210, 48.622, 46.461, 0.587, 40.537, 5.968, 0.010, 34.852, 17.190
49.786, 49.528, -0.982, -39.555, 5.954, 0.010, 35.980, 19.053, 49.087, 46.471, 0.983, 39.598, 5.954, 0.010, 35.293, 17.043
50.281, 49.515, -1.366, -38.367, 5.940, 0.010, 36.447, 18.890, 49.552, 46.485, 1.367, 38.408, 5.940, 0.010, 35.732, 16.889
50.776, 49.497, -1.735, -36.949, 5.926, 0.010, 36.912, 18.720, 50.017, 46.502, 1.737, 36.987, 5.926, 0.010, 36.168, 16.729
51.271, 49.476, -2.088, -35.326, 5.912, 0.010, 37.374, 18.544, 50.482, 46.523, 2.091, 35.360, 5.912, 0.010, 36.603, 16.563
51.766, 49.452, -2.424, -33.526, 5.898, 0.010, 37.834, 18.361, 50.947, 46.547, 2.426, 33.558, 5.898, 0.010, 37.036, 16.392
52.260, 49.425, -2.739, -31.584, 5.885, 0.010, 38.291, 18.172, 51.413, 46.575, 2.742, 31.611, 5.885, 0.010, 37.466, 16.214
52.754, 49.394, -3.035, -29.531, 5.871, 0.010, 38.745, 17.977, 51.879, 46.605, 3.038, 29.555, 5.871, 0.010, 37.894, 16.030
53.248, 49.361, -3.309, -27.403, 5.859, 0.010, 39.196, 17.777, 52.346, 46.638, 3.312, 27.423, 5.859, 0.010, 38.321, 15.841
53.741, 49.326, -3.561, -25.233, 5.846, 0.010, 39.644, 17.571, 52.812, 46.674, 3.565, 25.249, 5.846, 0.010, 38.745, 15.646
54.234, 49.288, -3.792, -23.053, 5.834, 0.010, 40.089, 17.360, 53.279, 46.712, 3.795, 23.065, 5.834, 0.010, 39.167, 15.445
54.726, 49.248, -4.001, -20.892, 5.822, 0.010, 40.532, 17.143, 53.747, 46.752, 4.004, 20.900, 5.822, 0.010, 39.587, 15.240
55.218, 49.206, -4.188, -18.777, 5.811, 0.010, 40.971, 16.922, 54.215, 46.794, 4.192, 18.782, 5.811, 0.010, 40.004, 15.029
55.710, 49.162, -4.356, -16.732, 5.800, 0.010, 41.408, 16.696, 54.683, 46.837, 4.359, 16.733, 5.800, 0.010, 40.420, 14.814
56.201, 49.117, -4.503, -14.775, 5.789, 0.010, 41.841, 16.465, 55.152, 46.882, 4.507, 14.774, 5.789, 0.010, 40.834, 14.594
56.692, 49.071, -4.633, -12.925, 5.779, 0.010, 42.272, 16.230, 55.621, 46.929, 4.636, 12.920, 5.779, 0.010, 41.246, 14.370
57.182, 49.024, -4.745, -11.192, 5.770, 0.010, 42.700, 15.992, 56.091, 46.976, 4.748, 11.185, 5.770, 0.010, 41.657, 14.141
57.672, 48.975, -4.840, -9.586, 5.761, 0.010, 43.126, 15.749, 56.561, 47.025, 4.844, 9.576, 5.761, 0.010, 42.065, 13.908
58.161, 48.926, -4.922, -8.112, 5.752, 0.010, 43.549, 15.503, 57.032, 47.074, 4.925, 8.101, 5.752, 0.010, 42.472, 13.671
58.650, 48.876, -4.989, -6.774, 5.744, 0.010, 43.969, 15.254, 57.503, 47.124, 4.993, 6.761, 5.744, 0.010, 42.877, 13.431
59.138, 48.826, -5.045, -5.572, 5.736, 0.010, 44.387, 15.001, 57.975, 47.174, 5.048, 5.557, 5.736, 0.010, 43.281, 13.187
59.626, 48.775, -5.090, -4.503, 5.729, 0.010, 44.803, 14.746, 58.447, 47.225, 5.093, 4.488, 5.729, 0.010, 43.684, 12.939
60.113, 48.723, -5.126, -3.565, 5.722, 0.010, 45.216, 14.488, 58.920, 47.276, 5.128, 3.548, 5.722, 0.010, 44.085, 12.689
60.600, 48.672, -5.153, -2.752, 5.715, 0.010, 45.627, 14.227, 59.393, 47.328, 5.156, 2.734, 5.715, 0.010, 44.484, 12.436
61.086, 48.620, -5.174, -2.057, 5.710, 0.010, 46.036, 13.965, 59.867, 47.380, 5.176, 2.039, 5.710, 0.010, 44.883, 12.180
61.572, 48.568, -5.189, -1.473, 5.704, 0.010, 46.444, 13.700, 60.341, 47.432, 5.191, 1.455, 5.704, 0.010, 45.281, 11.921
62.057, 48.516, -5.198, -0.993, 5.699, 0.010, 46.849, 13.434, 60.816, 47.484, 5.200, 0.974, 5.699, 0.010, 45.678, 11.661
62.541, 48.464, -5.205, -0.607, 5.695, 0.010, 47.253, 13.166, 61.292, 47.536, 5.206, 0.589, 5.695, 0.010, 46.074, 11.398
63.025, 48.412, -5.208, -0.308, 5.691, 0.010, 47.655, 12.896, 61.768, 47.588, 5.209, 0.288, 5.691, 0.010, 46.469, 11.133
63.509, 48.360, -5.208, -0.085, 5.688, 0.010, 48.056, 12.626, 62.244, 47.640, 5.210, 0.066, 5.688, 0.010, 46.864, 10.866
63.992, 48.308, -5.208, 0.070, 5.685, 0.010, 48.455, 12.354, 62.721, 47.692, 5.209, -0.089, 5.685, 0.010, 47.258, 10.598
64.475, 48.256, -5.206, 0.165, 5.682, 0.010, 48.854, 12.082, 63.198, 47.744, 5.207, -0.184, 5.682, 0.010, 47.652, 10.329
64.957, 48.204, -5.204, 0.210, 5.681, 0.010, 49.251, 11.809, 63.676, 47.796, 5.205, -0.230, 5.681, 0.010, 48.046, 10.058
65.438, 48.152, -5.202, 0.214, 5.679, 0.010, 49.648, 11.536, 64.155, 47.848, 5.203, -0.233, 5.679, 0.010, 48.440, 9.787
65.919, 48.100, -5.200, 0.185, 5.678, 0.010, 50.043, 11.262, 64.634, 47.900, 5.200, -0.204, 5.678, 0.010, 48.835, 9.514
66.400, 48.048, -5.199, 0.131, 5.678, 0.010, 50.438, 10.989, 65.113, 47.952, 5.199, -0.150, 5.678, 0.010, 49.229, 9.242
66.880, 47.996, -5.198, 0.062, 5.678, 0.010, 50.833, 10.716, 65.593, 48.004, 5.198, -0.081, 5.678, 0.010, 49.624, 8.968
67.359, 47.944, -5.198, -0.016, 5.678, 0.010, 51.227, 10.443, 66.074, 48.056, 5.198, -0.003, 5.678, 0.010, 50.019, 8.695
67.838, 47.892, -5.199, -0.092, 5.679, 0.010, 51.621, 10.171, 66.555, 48.108, 5.199, 0.073, 5.679, 0.010, 50.415, 8.422
68.316, 47.840, -5.201, -0.160, 5.681, 0.010, 52.015, 9.899, 67.037, 48.160, 5.200, 0.141, 5.681, 0.010, 50.811, 8.148
68.794, 47.788, -5.203, -0.210, 5.683, 0.010, 52.409, 9.629, 67.519, 48.212, 5.202, 0.191, 5.683, 0.010, 51.209, 7.876
69.272, 47.736, -5.205, -0.235, 5.685, 0.010, 52.804, 9.360, 68.001, 48.264, 5.204, 0.216, 5.685, 0.010, 51.607, 7.603
69.749, 47.684, -5.207, -0.225, 5.688, 0.010, 53.198, 9.092, 68.484, 48.316, 5.206, 0.206, 5.688, 0.010, 52.007, 7.332
70.225, 47.632, -5.209, -0.173, 5.692, 0.010, 53.593, 8.825, 68.968, 48.368, 5.208, 0.154, 5.692, 0.010, 52.408, 7.061
70.701, 47.580, -5.210, -0.069, 5.696, 0.010, 53.988, 8.561, 69.452, 48.420, 5.208, 0.050, 5.696, 0.010, 52.811, 6.792
71.176, 47.528, -5.209, 0.096, 5.700, 0.010, 54.385, 8.298, 69.937, 48.472, 5.207, -0.115, 5.700, 0.010, 53.215, 6.524
71.651, 47.475, -5.206, 0.330, 5.705, 0.010, 54.782, 8.038, 70.422, 48.524, 5.204, -0.350, 5.705, 0.010, 53.620, 6.258
72.125, 47.423, -5.199, 0.643, 5.710, 0.010, 55.179, 7.780, 70.908, 48.576, 5.197, -0.662, 5.710, 0.010, 54.028, 5.994
72.599, 47.372, -5.189, 1.043, 5.716, 0.010, 55.578, 7.524, 71.394, 48.628, 5.187, -1.062, 5.716, 0.010, 54.437, 5.732
73.072, 47.320, -5.173, 1.539, 5.723, 0.010, 55.978, 7.271, 71.881, 48.680, 5.171, -1.558, 5.723, 0.010, 54.849, 5.471
73.545, 47.268, -5.152, 2.140, 5.730, 0.010, 56.379, 7.022, 72.369, 48.731, 5.149, -2.158, 5.730, 0.010, 55.262, 5.214
74.017, 47.217, -5.123, 2.854, 5.737, 0.010, 56.782, 6.775, 72.856, 48.783, 5.121, -2.871, 5.737, 0.010, 55.678, 4.959
74.488, 47.166, -5.087, 3.687, 5.745, 0.010, 57.186, 6.531, 73.345, 48.834, 5.084, -3.703, 5.745, 0.010, 56.097, 4.707
74.960, 47.116, -5.040, 4.646, 5.753, 0.010, 57.592, 6.292, 73.834, 48.884, 5.037, -4.662, 5.753, 0.010, 56.517, 4.458
75.430, 47.066, -4.983, 5.737, 5.762, 0.010, 57.999, 6.055, 74.323, 48.934, 4.980, -5.751, 5.762, 0.010, 56.941, 4.212
75.900, 47.017, -4.913, 6.962, 5.771, 0.010, 58.407, 5.823, 74.813, 48.983, 4.910, -6.975, 5.771, 0.010, 57.366, 3.971
76.370, 46.969, -4.830, 8.323, 5.781, 0.010, 58.818, 5.595, 75.303, 49.031, 4.826, -8.334, 5.781, 0.010, 57.795, 3.732
76.839, 46.921, -4.732, 9.820, 5.791, 0.010, 59.230, 5.371, 75.794, 49.078, 4.728, -9.829, 5.791, 0.010, 58.226, 3.498
77.308, 46.875, -4.617, 11.448, 5.802, 0.010, 59.645, 5.152, 76.285, 49.124, 4.614, -11.456, 5.802, 0.010, 58.661, 3.269
77.776, 46.830, -4.485, 13.204, 5.813, 0.010, 60.061, 4.937, 76.777, 49.169, 4.482, -13.207, 5.813, 0.010, 59.098, 3.043
78.244, 46.787, -4.334, 15.074, 5.824, 0.010, 60.479, 4.728, 77.269, 49.213, 4.331, -15.076, 5.824, 0.010, 59.538, 2.823
78.712, 46.745, -4.164, 17.049, 5.836, 0.010, 60.899, 4.523, 77.761, 49.254, 4.160, -17.047, 5.836, 0.010, 59.980, 2.607
79.179, 46.706, -3.973, 19.110, 5.848, 0.010, 61.322, 4.323, 78.254, 49.294, 3.969, -19.105, 5.848, 0.010, 60.426, 2.396
79.645, 46.668, -3.760, 21.238, 5.861, 0.010, 61.746, 4.129, 78.748, 49.331, 3.757, -21.228, 5.861, 0.010, 60.875, 2.191
80.112, 46.633, -3.526, 23.406, 5.873, 0.010, 62.173, 3.941, 79.241, 49.367, 3.523, -23.395, 5.873, 0.010, 61.326, 1.992
80.578, 46.600, -3.270, 25.592, 5.887, 0.010, 62.601, 3.758, 79.735, 49.399, 3.267, -25.575, 5.887, 0.010, 61.781, 1.798
81.043, 46.570, -2.993, 27.761, 5.900, 0.010, 63.032, 3.581, 80.230, 49.429, 2.990, -27.741, 5.900, 0.010, 62.238, 1.610
81.509, 46.543, -2.694, 29.884, 5.914, 0.010, 63.465, 3.410, 80.724, 49.456, 2.691, -29.859, 5.914, 0.010, 62.698, 1.428
81.974, 46.519, -2.375, 31.925, 5.928, 0.010, 63.900, 3.245, 81.219, 49.480, 2.372, -31.897, 5.928, 0.010, 63.161, 1.253
82.439, 46.499, -2.036, 33.851, 5.942, 0.010, 64.337, 3.086, 81.714, 49.500, 2.034, -33.819, 5.942, 0.010, 63.626, 1.084
82.904, 46.482, -1.680, 35.628, 5.956, 0.010, 64.776, 2.934, 82.209, 49.517, 1.678, -35.593, 5.956, 0.010, 64.094, 0.922
83.369, 46.469, -1.308, 37.224, 5.971, 0.010, 65.217, 2.788, 82.704, 49.530, 1.306, -37.186, 5.971, 0.010, 64.564, 0.766
83.833, 46.460, -0.922, 38.611, 5.985, 0.010, 65.660, 2.648, 83.200, 49.539, 0.921, -38.570, 5.985, 0.010, 65.036, 0.617
84.298, 46.455, -0.524, 39.762, 6.000, 0.010, 66.105, 2.515, 83.695, 49.545, 0.523, -39.719, 6.000, 0.010, 65.511, 0.475
84.762, 46.453, -0.117, 40.660, 6.014, 0.010, 66.552, 2.388, 84.191, 49.546, 0.117, -40.615, 6.014, 0.010, 65.988, 0.340
85.227, 46.456, 0.295, 41.289, 6.029, 0.010, 67.001, 2.268, 84.686, 49.543, -0.295, -41.244, 6.029, 0.010, 66.466, 0.211
85.691, 46.464, 0.712, 41.644, 6.043, 0.010, 67.452, 2.154, 85.181, 49.536, -0.711, -41.599, 6.043, 0.010, 66.946, 0.090
86.156, 46.475, 1.129, 41.724, 6.057, 0.010, 67.904, 2.047, 85.677, 49.524, -1.128, -41.680, 6.057, 0.010, 67.428, -0.024
86.621, 46.490, 1.545, 41.537, 6.072, 0.010, 68.358, 1.946, 86.172, 49.509, -1.543, -41.494, 6.072, 0.010, 67.912, -0.131
87.086, 46.510, 1.956, 41.097, 6.086, 0.010, 68.813, 1.852, 86.667, 49.489, -1.953, -41.055, 6.086, 0.010, 68.396, -0.232
87.551, 46.533, 2.360, 40.425, 6.100, 0.010, 69.270, 1.764, 87.161, 49.466, -2.357, -40.386, 6.100, 0.010, 68.882, -0.326
88.017, 46.561, 2.755, 39.548, 6.113, 0.010, 69.728, 1.682, 87.656, 49.438, -2.752, -39.511, 6.113, 0.010, 69.369, -0.413
88.483, 46.592, 3.140, 38.496, 6.126, 0.010, 70.188, 1.606, 88.150, 49.407, -3.137, -38.463, 6.126, 0.010, 69.856, -0.493
88.949, 46.627, 3.513, 37.307, 6.139, 0.010, 70.649, 1.536, 88.644, 49.372, -3.510, -37.278, 6.139, 0.010, 70.344, -0.567
89.416, 46.666, 3.873, 36.018, 6.152, 0.010, 71.111, 1.472, 89.137, 49.333, -3.870, -35.992, 6.152, 0.010, 70.833, -0.635
89.883, 46.708, 4.220, 34.668, 6.164, 0.010, 71.575, 1.414, 89.630, 49.291, -4.216, -34.647, 6.164, 0.010, 71.322, -0.696
90.351, 46.754, 4.553, 33.298, 6.176, 0.010, 72.039, 1.361, 90.122, 49.245, -4.549, -33.283, 6.176, 0.010, 71.811, -0.752
90.819, 46.803, 4.873, 31.951, 6.187, 0.010, 72.505, 1.313, 90.614, 49.197, -4.868, -31.937, 6.187, 0.010, 72.301, -0.802
91.287, 46.854, 5.179, 30.660, 6.198, 0.010, 72.971, 1.271, 91.106, 49.145, -5.175, -30.652, 6.198, 0.010, 72.790, -0.847
91.756, 46.909, 5.474, 29.466, 6.208, 0.010, 73.439, 1.233, 91.597, 49.090, -5.470, -29.463, 6.208, 0.010, 73.279, -0.886
92.226, 46.967, 5.758, 28.404, 6.218, 0.010, 73.908, 1.200, 92.087, 49.033, -5.754, -28.404, 6.218, 0.010, 73.768, -0.920
92.696, 47.027, 6.033, 27.504, 6.227, 0.010, 74.377, 1.171, 92.577, 48.973, -6.029, -27.509, 6.227, 0.010, 74.257, -0.950
93.167, 47.090, 6.301, 26.798, 6.235, 0.010, 74.847, 1.147, 93.066, 48.910, -6.297, -26.805, 6.235, 0.010, 74.746, -0.976
93.639, 47.156, 6.564, 26.310, 6.243, 0.010, 75.318, 1.126, 93.554, 48.844, -6.560, -26.323, 6.243, 0.010, 75.234, -0.997
94.111, 47.224, 6.825, 26.068, 6.251, 0.010, 75.790, 1.109, 94.042, 48.776, -6.821, -26.084, 6.251, 0.010, 75.721, -1.015
94.584, 47.295, 7.086, 26.093, 6.257, 0.010, 76.263, 1.095, 94.529, 48.705, -7.082, -26.113, 6.257, 0.010, 76.208, -1.029
95.058, 47.368, 7.350, 26.407, 6.263, 0.010, 76.737, 1.085, 95.015, 48.631, -7.346, -26.430, 6.263, 0.010, 76.694, -1.040
95.532, 47.445, 7.620, 27.028, 6.268, 0.010, 77.211, 1.076, 95.501, 48.555, -7.617, -27.056, 6.268, 0.010, 77.180, -1.048
96.007, 47.524, 7.900, 27.978, 6.273, 0.010, 77.686, 1.071, 95.986, 48.476, -7.897, -28.010, 6.273, 0.010, 77.664, -1.054
96.483, 47.605, 8.193, 29.274, 6.277, 0.010, 78.162, 1.067, 96.470, 48.394, -8.190, -29.310, 6.277, 0.010, 78.148, -1.058
96.960, 47.691, 8.502, 30.935, 6.280, 0.010, 78.639, 1.064, 96.953, 48.309, -8.500, -30.976, 6.280, 0.010, 78.631, -1.061
97.438, 47.779, 8.832, 32.980, 6.282, 0.010, 79.117, 1.063, 97.435, 48.221, -8.830, -33.026, 6.282, 0.010, 79.114, -1.062
97.917, 47.871, 9.186, 35.428, 6.283, 0.010, 79.596, 1.063, 97.916, 48.129, -9.185, -35.480, 6.283, 0.010, 79.595, -1.062
98.396, 47.960, 8.886, -30.005, 0.000, 0.010, 80.075, 1.063, 98.397, 48.040, -8.885, 29.946, 0.000, 0.010, 80.075, -1.062
98.873, 47.706, -25.393, -3427.863, 0.003, 0.010, 80.552, 1.063, 98.879, 48.294, 25.390, 3427.494, 0.003, 0.010, 80.558, -1.062
99.346, 47.271, -43.489, -1809.646, 0.010, 0.010, 81.025, 1.066, 99.367, 48.729, 43.473, 1808.384, 0.010, 0.010, 81.045, -1.059
99.814, 46.840, -43.059, 43.028, 0.021, 0.010, 81.493, 1.073, 99.858, 49.159, 43.030, -44.333, 0.021, 0.010, 81.537, -1.052
100.278, 46.399, -44.077, -101.796, 0.036, 0.010, 81.957, 1.086, 100.354, 49.600, 44.034, 100.371, 0.036, 0.010, 82.033, -1.038
100.738, 45.935, -46.445, -236.803, 0.055, 0.010, 82.416, 1.106, 100.855, 50.064, 46.385, 235.084, 0.055, 0.010, 82.533, -1.015
101.192, 45.434, -50.133, -368.818, 0.079, 0.010, 82.869, 1.137, 101.361, 50.564, 50.051, 366.626, 0.079, 0.010, 83.037, -0.982
101.641, 44.882, -55.141, -500.750, 0.109, 0.010, 83.316, 1.178, 101.872, 51.114, 55.030, 497.882, 0.109, 0.010, 83.546, -0.934
102.084, 44.268, -61.444, -630.336, 0.144, 0.010, 83.755, 1.234, 102.389, 51.727, 61.295, 626.535, 0.144, 0.010, 84.060, -0.869
102.519, 43.579, -68.916, -747.169, 0.185, 0.010, 84.185, 1.305, 102.913, 52.414, 68.717, 742.185, 0.185, 0.010, 84.577, -0.784
102.947, 42.807, -77.193, -827.755, 0.234, 0.010, 84.604, 1.394, 103.445, 53.184, 76.931, 821.389, 0.234, 0.010, 85.097, -0.673
103.367, 41.952, -85.482, -828.905, 0.291, 0.010, 85.009, 1.502, 103.985, 54.035, 85.143, 821.171, 0.291, 0.010, 85.619, -0.533
103.777, 41.029, -92.307, -682.445, 0.357, 0.010, 85.398, 1.632, 104.535, 54.954, 91.882, 673.928, 0.357, 0.010, 86.140, -0.359
104.178, 40.076, -95.306, -299.923, 0.431, 0.010, 85.769, 1.786, 105.094, 55.902, 94.804, 292.213, 0.431, 0.010, 86.656, -0.145
104.570, 39.162, -91.337, 396.881, 0.514, 0.010, 86.117, 1.964, 105.662, 56.810, 90.796, -400.841, 0.514, 0.010, 87.162, 0.114
104.954, 38.390, -77.277, 1405.996, 0.604, 0.010, 86.443, 2.167, 106.238, 57.578, 76.773, -1402.292, 0.604, 0.010, 87.651, 0.419
105.332, 37.873, -51.706, 2557.118, 0.700, 0.010, 86.744, 2.397, 106.819, 58.091, 51.345, -2542.800, 0.700, 0.010, 88.112, 0.771
105.709, 37.705, -16.763, 3494.309, 0.796, 0.010, 87.020, 2.653, 107.401, 58.258, 16.642, -3470.299, 0.796, 0.010, 88.539, 1.167
106.088, 37.920, 21.526, 3828.914, 0.891, 0.010, 87.272, 2.937, 107.982, 58.044, -21.371, -3801.257, 0.891, 0.010, 88.925, 1.601
106.473, 38.476, 55.553, 3402.693, 0.981, 0.010, 87.500, 3.247, 108.557, 57.492, -55.168, -3379.668, 0.981, 0.010, 89.266, 2.064
106.866, 39.272, 79.679, 2412.587, 1.063, 0.010, 87.705, 3.582, 109.124, 56.701, -79.164, -2399.681, 1.063, 0.010, 89.562, 2.548
107.268, 40.195, 92.249, 1256.952, 1.136, 0.010, 87.887, 3.940, 109.682, 55.784, -91.709, -1254.472, 1.136, 0.010, 89.815, 3.045
107.679, 41.145, 94.991, 274.259, 1.200, 0.010, 88.048, 4.319, 110.230, 54.839, -94.499, -278.962, 1.200, 0.010, 90.029, 3.550
108.100, 42.056, 91.106, -388.547, 1.256, 0.010, 88.189, 4.715, 110.769, 53.932, -90.693, 380.530, 1.256, 0.010, 90.210, 4.058
108.529, 42.893, 83.664, -744.139, 1.304, 0.010, 88.312, 5.126, 111.300, 53.098, -83.337, 735.602, 1.304, 0.010, 90.362, 4.567
108.965, 43.642, 74.910, -875.446, 1.345, 0.010, 88.418, 5.550, 111.824, 52.352, -74.659, 867.825, 1.345, 0.010, 90.489, 5.075
109.408, 44.304, 66.208, -870.198, 1.380, 0.010, 88.509, 5.983, 112.341, 51.691, -66.019, 863.990, 1.380, 0.010, 90.595, 5.580
109.857, 44.886, 58.264, -794.422, 1.409, 0.010, 88.587, 6.425, 112.852, 51.110, -58.123, 789.595, 1.409, 0.010, 90.685, 6.084
110.311, 45.400, 51.367, -689.684, 1.434, 0.010, 88.655, 6.874, 113.358, 50.598, -51.263, 686.033, 1.434, 0.010, 90.760, 6.584
110.770, 45.856, 45.577, -578.999, 1.454, 0.010, 88.712, 7.329, 113.859, 50.143, -45.500, 576.269, 1.454, 0.010, 90.823, 7.081
111.232, 46.264, 40.842, -473.518, 1.470, 0.010, 88.762, 7.789, 114.356, 49.735, -40.786, 471.476, 1.470, 0.010, 90.877, 7.576
111.699, 46.635, 37.066, -377.564, 1.483, 0.010, 88.806, 8.253, 114.850, 49.364, -37.025, 376.023, 1.483, 0.010, 90.923, 8.067
112.168, 46.976, 34.148, -291.841, 1.493, 0.010, 88.845, 8.721, 115.340, 49.023, -34.119, 290.661, 1.493, 0.010, 90.963, 8.556
112.641, 47.296, 31.995, -215.287, 1.499, 0.010, 88.880, 9.193, 115.827, 48.704, -31.975, 214.357, 1.499, 0.010, 91.000, 9.042
113.117, 47.602, 30.534, -146.059, 1.503, 0.010, 88.913, 9.668, 116.311, 48.398, -30.522, 145.293, 1.503, 0.010, 91.033, 9.524
113.596, 47.899, 29.714, -82.022, 1.504, 0.010, 88.945, 10.146, 116.792, 48.101, -29.709, 81.356, 1.504, 0.010, 91.065, 10.004
114.078, 48.194, 29.504, -20.974, 1.502, 0.010, 88.977, 10.627, 117.270, 47.806, -29.505, 20.351, 1.502, 0.010, 91.097, 10.481
114.563, 48.493, 29.897, 39.294, 1.498, 0.010, 89.011, 11.110, 117.746, 47.507, -29.904, -39.925, 1.498, 0.010, 91.131, 10.955
115.051, 48.802, 30.907, 100.981, 1.490, 0.010, 89.049, 11.597, 118.218, 47.198, -30.921, -101.672, 1.490, 0.010, 91.167, 11.426
115.543, 49.128, 32.570, 166.291, 1.480, 0.010, 89.091, 12.086, 118.686, 46.872, -32.592, -167.099, 1.480, 0.010, 91.207, 11.893
116.037, 49.477, 34.944, 237.404, 1.466, 0.010, 89.139, 12.579, 119.151, 46.522, -34.976, -238.404, 1.466, 0.010, 91.252, 12.356
116.536, 49.858, 38.108, 316.377, 1.448, 0.010, 89.196, 13.074, 119.613, 46.141, -38.153, -317.656, 1.448, 0.010, 91.305, 12.814
117.039, 50.280, 42.156, 404.851, 1.427, 0.010, 89.262, 13.573, 120.070, 45.719, -42.218, -406.529, 1.427, 0.010, 91.365, 13.267
117.546, 50.752, 47.190, 503.433, 1.401, 0.010, 89.342, 14.074, 120.523, 45.246, -47.275, -505.672, 1.401, 0.010, 91.436, 13.714
118.059, 51.285, 53.295, 610.500, 1.370, 0.010, 89.436, 14.578, 120.970, 44.712, -53.410, -613.489, 1.370, 0.010, 91.518, 14.154
118.578, 51.889, 60.495, 719.958, 1.333, 0.010, 89.549, 15.084, 121.411, 44.105, -60.649, -723.952, 1.333, 0.010, 91.614, 14.584
119.104, 52.576, 68.671, 817.578, 1.290, 0.010, 89.683, 15.593, 121.845, 43.416, -68.877, -822.816, 1.290, 0.010, 91.725, 15.004
119.637, 53.350, 77.424, 875.357, 1.240, 0.010, 89.843, 16.102, 122.271, 42.639, -77.698, -882.027, 1.240, 0.010, 91.853, 15.411
120.179, 54.209, 85.872, 844.793, 1.181, 0.010, 90.034, 16.609, 122.689, 41.777, -86.225, -852.785, 1.181, 0.010, 92.000, 15.802
120.731, 55.133, 92.399, 652.636, 1.114, 0.010, 90.260, 17.112, 123.097, 40.849, -92.838, -661.223, 1.114, 0.010, 92.167, 16.174
121.291, 56.078, 94.491, 209.274, 1.038, 0.010, 90.526, 17.605, 123.496, 39.899, -95.004, -216.621, 1.038, 0.010, 92.357, 16.526
121.861, 56.968, 88.954, -553.786, 0.953, 0.010, 90.836, 18.084, 123.887, 39.004, -89.495, 550.897, 0.953, 0.010, 92.568, 16.853
122.438, 57.696, 72.877, -1607.661, 0.862, 0.010, 91.191, 18.538, 124.269, 38.270, -73.363, 1613.168, 0.862, 0.010, 92.804, 17.155
123.020, 58.151, 45.435, -2744.221, 0.766, 0.010, 91.590, 18.961, 124.647, 37.813, -45.757, 2760.574, 0.766, 0.010, 93.064, 17.430
123.602, 58.246, 9.561, -3587.414, 0.669, 0.010, 92.029, 19.344, 125.025, 37.716, -9.630, 3612.701, 0.669, 0.010, 93.348, 17.678
124.182, 57.964, -28.220, -3778.099, 0.575, 0.010, 92.500, 19.682, 125.405, 38.001, 28.425, 3805.499, 0.575, 0.010, 93.656, 17.899
124.755, 57.359, -60.498, -3227.796, 0.487, 0.010, 92.995, 19.972, 125.791, 38.610, 60.916, 3249.193, 0.487, 0.010, 93.990, 18.095
125.321, 56.535, -82.386, -2188.786, 0.407, 0.010, 93.505, 20.216, 126.185, 39.439, 82.913, 2199.637, 0.407, 0.010, 94.345, 18.265
125.877, 55.605, -93.000, -1061.356, 0.335, 0.010, 94.023, 20.418, 126.589, 40.374, 93.535, 1062.238, 0.335, 0.010, 94.722, 18.411
126.423, 54.660, -94.477, -147.676, 0.272, 0.010, 94.545, 20.581, 127.002, 41.324, 94.957, 142.146, 0.272, 0.010, 95.116, 18.534
126.961, 53.760, -90.051, 442.545, 0.218, 0.010, 95.066, 20.711, 127.424, 42.228, 90.449, -450.760, 0.218, 0.010, 95.526, 18.636
127.490, 52.934, -82.641, 740.985, 0.171, 0.010, 95.586, 20.813, 127.855, 43.058, 82.955, -749.370, 0.171, 0.010, 95.948, 18.719
128.012, 52.190, -74.308, 833.368, 0.132, 0.010, 96.102, 20.892, 128.293, 43.803, 74.548, -840.701, 0.132, 0.010, 96.381, 18.785
128.527, 51.528, -66.281, 802.618, 0.099, 0.010, 96.614, 20.951, 128.738, 44.468, 66.463, -808.541, 0.099, 0.010, 96.823, 18.836
129.037, 50.936, -59.197, 708.423, 0.071, 0.010, 97.121, 20.994, 129.188, 45.061, 59.333, -713.006, 0.071, 0.010, 97.272, 18.874
129.541, 50.402, -53.328, 586.906, 0.049, 0.010, 97.624, 21.024, 129.644, 45.596, 53.429, -590.387, 0.049, 0.010, 97.727, 18.901
130.040, 49.915, -48.760, 456.776, 0.030, 0.010, 98.123, 21.043, 130.105, 46.084, 48.835, -459.410, 0.030, 0.010, 98.188, 18.919
130.535, 49.460, -45.506, 325.470, 0.017, 0.010, 98.618, 21.055, 130.570, 46.539, 45.560, -327.491, 0.017, 0.010, 98.653, 18.930
131.025, 49.024, -43.571, 193.439, 0.007, 0.010, 99.108, 21.060, 131.040, 46.976, 43.610, -195.048, 0.007, 0.010, 99.123, 18.935
131.511, 48.594, -43.006, 56.505, 0.002, 0.010, 99.594, 21.062, 131.514, 47.406, 43.031, -57.875, 0.002, 0.010, 99.597, 18.937
131.992, 48.161, -43.251, -24.503, 6.283, 0.010, 100.075, 21.062, 131.993, 47.839, 43.263, 23.203, 6.283, 0.010, 100.075, 18.937
132.473, 48.064, -9.743, 3350.778, 6.283, 0.010, 100.556, 21.062, 132.472, 47.936, 9.744, -3351.860, 6.283, 0.010, 100.555, 18.937
132.955, 48.158, 9.445, 1918.816, 6.281, 0.010, 101.038, 21.062, 132.950, 47.841, -9.446, -1918.973, 6.281, 0.010, 101.033, 18.937
133.437, 48.249, 9.071, -37.409, 6.279, 0.010, 101.520, 21.060, 133.428, 47.751, -9.072, 37.352, 6.279, 0.010, 101.511, 18.935
133.920, 48.336, 8.724, -34.666, 6.276, 0.010, 102.003, 21.057, 133.904, 47.664, -8.726, 34.616, 6.276, 0.010, 101.987, 18.932
134.405, 48.420, 8.401, -32.341, 6.272, 0.010, 102.488, 21.053, 134.380, 47.579, -8.403, 32.296, 6.272, 0.010, 102.463, 18.928
134.890, 48.501, 8.096, -30.413, 6.267, 0.010, 102.973, 21.046, 134.855, 47.498, -8.099, 30.374, 6.267, 0.010, 102.938, 18.921
135.375, 48.579, 7.808, -28.863, 6.261, 0.010, 103.458, 21.037, 135.329, 47.420, -7.811, 28.830, 6.261, 0.010, 103.412, 18.912
135.862, 48.655, 7.531, -27.675, 6.255, 0.010, 103.945, 21.025, 135.803, 47.345, -7.534, 27.643, 6.255, 0.010, 103.885, 18.901
136.349, 48.727, 7.263, -26.825, 6.248, 0.010, 104.432, 21.009, 136.276, 47.272, -7.266, 26.800, 6.248, 0.010, 104.358, 18.886
136.837, 48.797, 7.000, -26.299, 6.241, 0.010, 104.919, 20.991, 136.748, 47.202, -7.004, 26.275, 6.241, 0.010, 104.829, 18.868
137.326, 48.865, 6.739, -26.073, 6.233, 0.010, 105.407, 20.968, 137.219, 47.135, -6.743, 26.056, 6.233, 0.010, 105.300, 18.846
137.815, 48.930, 6.478, -26.132, 6.224, 0.010, 105.896, 20.941, 137.690, 47.070, -6.482, 26.116, 6.224, 0.010, 105.770, 18.820
138.305, 48.992, 6.213, -26.449, 6.215, 0.010, 106.385, 20.910, 138.160, 47.008, -6.218, 26.438, 6.215, 0.010, 106.239, 18.790
138.796, 49.051, 5.943, -27.003, 6.205, 0.010, 106.874, 20.874, 138.629, 46.948, -5.948, 26.996, 6.205, 0.010, 106.708, 18.756
139.287, 49.108, 5.666, -27.770, 6.194, 0.010, 107.363, 20.833, 139.098, 46.892, -5.670, 27.767, 6.194, 0.010, 107.175, 18.717
139.778, 49.162, 5.378, -28.720, 6.183, 0.010, 107.853, 20.787, 139.567, 46.838, -5.383, 28.720, 6.183, 0.010, 107.641, 18.672
140.270, 49.212, 5.080, -29.823, 6.172, 0.010, 108.342, 20.735, 140.034, 46.787, -5.084, 29.828, 6.172, 0.010, 108.107, 18.623
140.763, 49.260, 4.770, -31.046, 6.160, 0.010, 108.831, 20.678, 140.502, 46.739, -4.774, 31.056, 6.160, 0.010, 108.571, 18.569
141.256, 49.305, 4.446, -32.355, 6.148, 0.010, 109.320, 20.614, 140.969, 46.695, -4.450, 32.368, 6.148, 0.010, 109.034, 18.509
141.750, 49.346, 4.109, -33.709, 6.135, 0.010, 109.809, 20.544, 141.435, 46.654, -4.113, 33.728, 6.135, 0.010, 109.496, 18.443
142.243, 49.383, 3.758, -35.073, 6.122, 0.010, 110.297, 20.468, 141.901, 46.616, -3.762, 35.095, 6.122, 0.010, 109.956, 18.371
142.738, 49.417, 3.394, -36.403, 6.109, 0.010, 110.784, 20.386, 142.367, 46.582, -3.398, 36.431, 6.109, 0.010, 110.416, 18.293
143.232, 49.447, 3.018, -37.662, 6.095, 0.010, 111.271, 20.297, 142.833, 46.552, -3.021, 37.692, 6.095, 0.010, 110.873, 18.209
143.727, 49.474, 2.630, -38.809, 6.081, 0.010, 111.756, 20.201, 143.298, 46.526, -2.632, 38.842, 6.081, 0.010, 111.330, 18.119
144.222, 49.496, 2.232, -39.805, 6.067, 0.010, 112.240, 20.098, 143.763, 46.503, -2.234, 39.843, 6.067, 0.010, 111.785, 18.023
144.717, 49.514, 1.825, -40.619, 6.053, 0.010, 112.723, 19.989, 144.228, 46.485, -1.827, 40.659, 6.053, 0.010, 112.238, 17.920
145.212, 49.528, 1.413, -41.219, 6.039, 0.010, 113.204, 19.873, 144.693, 46.471, -1.415, 41.261, 6.039, 0.010, 112.690, 17.811
145.708, 49.538, 0.997, -41.580, 6.024, 0.010, 113.684, 19.749, 145.157, 46.461, -0.998, 41.624, 6.024, 0.010, 113.140, 17.695
146.203, 49.544, 0.581, -41.683, 6.010, 0.010, 114.162, 19.619, 145.622, 46.455, -0.581, 41.728, 6.010, 0.010, 113.588, 17.573
146.698, 49.546, 0.165, -41.517, 5.995, 0.010, 114.638, 19.481, 146.086, 46.453, -0.166, 41.563, 5.995, 0.010, 114.034, 17.444
147.194, 49.543, -0.245, -41.076, 5.981, 0.010, 115.112, 19.337, 146.551, 46.456, 0.246, 41.122, 5.981, 0.010, 114.479, 17.309
147.689, 49.537, -0.649, -40.363, 5.966, 0.010, 115.584, 19.186, 147.016, 46.462, 0.650, 40.407, 5.966, 0.010, 114.921, 17.167
148.185, 49.526, -1.043, -39.385, 5.952, 0.010, 116.053, 19.028, 147.480, 46.473, 1.044, 39.428, 5.952, 0.010, 115.362, 17.019
148.680, 49.512, -1.425, -38.160, 5.937, 0.010, 116.520, 18.864, 147.945, 46.487, 1.426, 38.200, 5.937, 0.010, 115.800, 16.864
149.175, 49.494, -1.792, -36.708, 5.923, 0.010, 116.985, 18.693, 148.410, 46.505, 1.793, 36.745, 5.923, 0.010, 116.237, 16.704
149.669, 49.473, -2.142, -35.055, 5.910, 0.010, 117.447, 18.515, 148.875, 46.526, 2.144, 35.089, 5.910, 0.010, 116.671, 16.537
150.164, 49.448, -2.474, -33.231, 5.896, 0.010, 117.906, 18.332, 149.341, 46.551, 2.477, 33.262, 5.896, 0.010, 117.103, 16.364
150.658, 49.420, -2.787, -31.269, 5.883, 0.010, 118.362, 18.142, 149.807, 46.579, 2.790, 31.296, 5.883, 0.010, 117.533, 16.185
151.152, 49.389, -3.079, -29.202, 5.869, 0.010, 118.816, 17.946, 150.273, 46.610, 3.082, 29.225, 5.869, 0.010, 117.961, 16.001
151.645, 49.356, -3.350, -27.065, 5.857, 0.010, 119.266, 17.745, 150.739, 46.643, 3.353, 27.085, 5.857, 0.010, 118.387, 15.810
152.139, 49.320, -3.599, -24.892, 5.844, 0.010, 119.714, 17.538, 151.206, 46.679, 3.602, 24.907, 5.844, 0.010, 118.811, 15.615
152.631, 49.282, -3.826, -22.712, 5.832, 0.010, 120.159, 17.326, 151.673, 46.718, 3.829, 22.724, 5.832, 0.010, 119.233, 15.413
153.124, 49.241, -4.031, -20.557, 5.820, 0.010, 120.601, 17.109, 152.141, 46.758, 4.035, 20.565, 5.820, 0.010, 119.652, 15.207
153.616, 49.199, -4.216, -18.452, 5.809, 0.010, 121.040, 16.887, 152.609, 46.800, 4.220, 18.456, 5.809, 0.010, 120.070, 14.996
154.107, 49.155, -4.380, -16.419, 5.798, 0.010, 121.476, 16.660, 153.077, 46.844, 4.384, 16.420, 5.798, 0.010, 120.485, 14.780
154.599, 49.110, -4.525, -14.479, 5.788, 0.010, 121.909, 16.429, 153.546, 46.889, 4.529, 14.476, 5.788, 0.010, 120.899, 14.559
155.089, 49.064, -4.651, -12.645, 5.778, 0.010, 122.340, 16.193, 154.016, 46.936, 4.655, 12.641, 5.778, 0.010, 121.311, 14.334
155.579, 49.016, -4.761, -10.932, 5.768, 0.010, 122.767, 15.954, 154.485, 46.984, 4.764, 10.924, 5.768, 0.010, 121.721, 14.105
156.069, 48.967, -4.854, -9.345, 5.759, 0.010, 123.192, 15.711, 154.956, 47.032, 4.858, 9.337, 5.759, 0.010, 122.129, 13.871
156.558, 48.918, -4.933, -7.894, 5.751, 0.010, 123.615, 15.464, 155.427, 47.082, 4.936, 7.881, 5.751, 0.010, 122.536, 13.634
157.047, 48.868, -4.999, -6.576, 5.742, 0.010, 124.035, 15.214, 155.898, 47.132, 5.002, 6.563, 5.742, 0.010, 122.941, 13.393
157.535, 48.818, -5.053, -5.396, 5.735, 0.010, 124.452, 14.961, 156.370, 47.182, 5.056, 5.380, 5.735, 0.010, 123.344, 13.148
158.023, 48.767, -5.096, -4.347, 5.727, 0.010, 124.868, 14.706, 156.842, 47.233, 5.099, 4.332, 5.727, 0.010, 123.746, 12.900
158.510, 48.715, -5.131, -3.430, 5.721, 0.010, 125.281, 14.447, 157.315, 47.284, 5.133, 3.412, 5.721, 0.010, 124.147, 12.650
158.996, 48.664, -5.157, -2.635, 5.714, 0.010, 125.691, 14.186, 157.788, 47.336, 5.159, 2.618, 5.714, 0.010, 124.547, 12.396
159.483, 48.612, -5.176, -1.959, 5.709, 0.010, 126.100, 13.923, 158.262, 47.388, 5.179, 1.940, 5.709, 0.010, 124.945, 12.140
159.968, 48.560, -5.190, -1.391, 5.703, 0.010, 126.507, 13.658, 158.736, 47.440, 5.193, 1.373, 5.703, 0.010, 125.343, 11.881
160.453, 48.508, -5.200, -0.927, 5.699, 0.010, 126.912, 13.392, 159.211, 47.492, 5.202, 0.908, 5.699, 0.010, 125.740, 11.620
160.938, 48.456, -5.205, -0.555, 5.694, 0.010, 127.316, 13.123, 159.687, 47.544, 5.207, 0.536, 5.694, 0.010, 126.136, 11.356
161.422, 48.404, -5.208, -0.268, 5.691, 0.010, 127.718, 12.854, 160.163, 47.596, 5.209, 0.249, 5.691, 0.010, 126.531, 11.091
161.905, 48.352, -5.208, -0.057, 5.687, 0.010, 128.118, 12.583, 160.639, 47.648, 5.210, 0.037, 5.687, 0.010, 126.926, 10.824
162.388, 48.300, -5.208, 0.088, 5.684, 0.010, 128.518, 12.311, 161.116, 47.700, 5.209, -0.108, 5.684, 0.010, 127.320, 10.556
162.871, 48.248, -5.206, 0.175, 5.682, 0.010, 128.916, 12.039, 161.594, 47.752, 5.207, -0.194, 5.682, 0.010, 127.714, 10.287
163.353, 48.196, -5.204, 0.213, 5.680, 0.010, 129.313, 11.766, 162.072, 47.804, 5.204, -0.233, 5.680, 0.010, 128.108, 10.016
163.834, 48.144, -5.202, 0.211, 5.679, 0.010, 129.710, 11.493, 162.550, 47.856, 5.202, -0.231, 5.679, 0.010, 128.502, 9.744
164.315, 48.092, -5.200, 0.178, 5.678, 0.010, 130.105, 11.219, 163.029, 47.908, 5.200, -0.197, 5.678, 0.010, 128.896, 9.472
164.796, 48.040, -5.199, 0.121, 5.678, 0.010, 130.500, 10.946, 163.509, 47.960, 5.199, -0.140, 5.678, 0.010, 129.291, 9.199
165.275, 47.988, -5.198, 0.050, 5.678, 0.010, 130.895, 10.673, 163.989, 48.012, 5.198, -0.069, 5.678, 0.010, 129.685, 8.926
165.755, 47.936, -5.198, -0.028, 5.678, 0.010, 131.289, 10.400, 164.470, 48.064, 5.198, 0.009, 5.678, 0.010, 130.081, 8.652
166.234, 47.884, -5.199, -0.104, 5.679, 0.010, 131.683, 10.128, 164.951, 48.116, 5.199, 0.085, 5.679, 0.010, 130.477, 8.379
166.712, 47.832, -5.201, -0.169, 5.681, 0.010, 132.077, 9.857, 165.433, 48.168, 5.201, 0.150, 5.681, 0.010, 130.873, 8.106
167.190, 47.780, -5.203, -0.216, 5.683, 0.010, 132.471, 9.587, 165.915, 48.220, 5.203, 0.197, 5.683, 0.010, 131.271, 7.833
167.667, 47.728, -5.206, -0.236, 5.686, 0.010, 132.865, 9.318, 166.398, 48.272, 5.205, 0.217, 5.686, 0.010, 131.670, 7.561
168.144, 47.676, -5.208, -0.220, 5.689, 0.010, 133.260, 9.050, 166.881, 48.324, 5.207, 0.201, 5.689, 0.010, 132.070, 7.289
168.620, 47.624, -5.209, -0.160, 5.692, 0.010, 133.655, 8.784, 167.365, 48.376, 5.208, 0.141, 5.692, 0.010, 132.471, 7.019
169.096, 47.571, -5.210, -0.047, 5.696, 0.010, 134.050, 8.520, 167.849, 48.429, 5.208, 0.028, 5.696, 0.010, 132.874, 6.750
169.571, 47.519, -5.209, 0.128, 5.701, 0.010, 134.447, 8.257, 168.334, 48.481, 5.207, -0.147, 5.701, 0.010, 133.278, 6.483
170.046, 47.467, -5.205, 0.374, 5.706, 0.010, 134.844, 7.997, 168.819, 48.533, 5.203, -0.393, 5.706, 0.010, 133.684, 6.217
170.520, 47.415, -5.198, 0.700, 5.711, 0.010, 135.242, 7.740, 169.305, 48.585, 5.196, -0.719, 5.711, 0.010, 134.092, 5.953
170.993, 47.363, -5.187, 1.114, 5.717, 0.010, 135.641, 7.484, 169.791, 48.636, 5.184, -1.133, 5.717, 0.010, 134.502, 5.691
171.467, 47.312, -5.170, 1.627, 5.724, 0.010, 136.041, 7.232, 170.278, 48.688, 5.168, -1.645, 5.724, 0.010, 134.913, 5.431
171.939, 47.260, -5.148, 2.245, 5.731, 0.010, 136.442, 6.983, 170.765, 48.740, 5.145, -2.262, 5.731, 0.010, 135.327, 5.174
172.411, 47.209, -5.118, 2.976, 5.738, 0.010, 136.845, 6.736, 171.253, 48.791, 5.115, -2.994, 5.738, 0.010, 135.744, 4.919
172.883, 47.158, -5.080, 3.829, 5.746, 0.010, 137.249, 6.494, 171.742, 48.841, 5.077, -3.845, 5.746, 0.010, 136.162, 4.668
173.354, 47.108, -5.032, 4.808, 5.755, 0.010, 137.655, 6.254, 172.231, 48.892, 5.029, -4.824, 5.755, 0.010, 136.583, 4.419
173.824, 47.058, -4.973, 5.920, 5.763, 0.010, 138.063, 6.019, 172.720, 48.941, 4.969, -5.934, 5.763, 0.010, 137.007, 4.174
174.295, 47.009, -4.901, 7.167, 5.773, 0.010, 138.472, 5.787, 173.210, 48.990, 4.898, -7.178, 5.773, 0.010, 137.433, 3.933
174.764, 46.961, -4.816, 8.548, 5.783, 0.010, 138.883, 5.560, 173.700, 49.039, 4.812, -8.560, 5.783, 0.010, 137.862, 3.695
175.233, 46.914, -4.715, 10.067, 5.793, 0.010, 139.295, 5.337, 174.191, 49.086, 4.711, -10.075, 5.793, 0.010, 138.294, 3.462
175.702, 46.868, -4.598, 11.715, 5.803, 0.010, 139.710, 5.118, 174.683, 49.132, 4.594, -11.722, 5.803, 0.010, 138.729, 3.233
176.170, 46.823, -4.463, 13.489, 5.814, 0.010, 140.126, 4.904, 175.174, 49.176, 4.459, -13.493, 5.814, 0.010, 139.166, 3.008
176.638, 46.780, -4.309, 15.377, 5.826, 0.010, 140.545, 4.695, 175.667, 49.219, 4.305, -15.378, 5.826, 0.010, 139.607, 2.788
177.105, 46.739, -4.135, 17.367, 5.838, 0.010, 140.965, 4.491, 176.159, 49.261, 4.132, -17.364, 5.838, 0.010, 140.050, 2.574
177.572, 46.699, -3.941, 19.439, 5.850, 0.010, 141.388, 4.293, 176.652, 49.300, 3.937, -19.434, 5.850, 0.010, 140.496, 2.364
178.039, 46.662, -3.725, 21.575, 5.863, 0.010, 141.813, 4.099, 177.146, 49.337, 3.722, -21.565, 5.863, 0.010, 140.945, 2.160
178.505, 46.627, -3.488, 23.749, 5.876, 0.010, 142.240, 3.912, 177.639, 49.372, 3.484, -23.736, 5.876, 0.010, 141.397, 1.961
178.971, 46.595, -3.228, 25.933, 5.889, 0.010, 142.669, 3.730, 178.133, 49.404, 3.225, -25.916, 5.889, 0.010, 141.852, 1.768
179.437, 46.566, -2.947, 28.098, 5.902, 0.010, 143.100, 3.554, 178.628, 49.434, 2.944, -28.076, 5.902, 0.010, 142.310, 1.581
179.902, 46.539, -2.645, 30.210, 5.916, 0.010, 143.533, 3.384, 179.122, 49.460, 2.643, -30.185, 5.916, 0.010, 142.770, 1.400
180.367, 46.516, -2.323, 32.235, 5.930, 0.010, 143.968, 3.220, 179.617, 49.483, 2.321, -32.206, 5.930, 0.010, 143.233, 1.226
180.832, 46.496, -1.982, 34.140, 5.944, 0.010, 144.406, 3.062, 180.112, 49.503, 1.979, -34.107, 5.944, 0.010, 143.699, 1.058
181.297, 46.480, -1.623, 35.891, 5.958, 0.010, 144.845, 2.911, 180.607, 49.519, 1.621, -35.855, 5.958, 0.010, 144.167, 0.897
181.762, 46.467, -1.248, 37.456, 5.973, 0.010, 145.287, 2.766, 181.103, 49.532, 1.247, -37.417, 5.973, 0.010, 144.638, 0.742
182.226, 46.459, -0.860, 38.807, 5.987, 0.010, 145.730, 2.627, 181.598, 49.540, 0.859, -38.766, 5.987, 0.010, 145.110, 0.594
182.691, 46.454, -0.461, 39.920, 6.002, 0.010, 146.175, 2.495, 182.093, 49.545, 0.460, -39.877, 6.002, 0.010, 145.585, 0.453
183.156, 46.454, -0.053, 40.776, 6.016, 0.010, 146.623, 2.369, 182.589, 49.546, 0.053, -40.732, 6.016, 0.010, 146.062, 0.319
183.620, 46.457, 0.361, 41.363, 6.031, 0.010, 147.072, 2.250, 183.084, 49.542, -0.360, -41.318, 6.031, 0.010, 146.541, 0.192
184.085, 46.465, 0.777, 41.675, 6.045, 0.010, 147.522, 2.137, 183.580, 49.534, -0.776, -41.630, 6.045, 0.010, 147.022, 0.072
184.550, 46.477, 1.194, 41.712, 6.060, 0.010, 147.975, 2.031, 184.075, 49.522, -1.193, -41.668, 6.060, 0.010, 147.504, -0.041
185.014, 46.493, 1.609, 41.485, 6.074, 0.010, 148.429, 1.931, 184.570, 49.506, -1.608, -41.441, 6.074, 0.010, 147.987, -0.148
185.480, 46.513, 2.019, 41.007, 6.088, 0.010, 148.885, 1.838, 185.065, 49.486, -2.017, -40.965, 6.088, 0.010, 148.472, -0.247
185.945, 46.537, 2.422, 40.300, 6.102, 0.010, 149.342, 1.750, 185.559, 49.462, -2.420, -40.262, 6.102, 0.010, 148.958, -0.340
186.411, 46.566, 2.816, 39.393, 6.115, 0.010, 149.800, 1.669, 186.054, 49.434, -2.813, -39.358, 6.115, 0.010, 149.445, -0.426
186.877, 46.598, 3.199, 38.319, 6.128, 0.010, 150.260, 1.595, 186.548, 49.402, -3.196, -38.285, 6.128, 0.010, 149.932, -0.505
187.343, 46.633, 3.571, 37.110, 6.141, 0.010, 150.721, 1.526, 187.041, 49.366, -3.567, -37.082, 6.141, 0.010, 150.421, -0.578
187.810, 46.673, 3.929, 35.810, 6.154, 0.010, 151.184, 1.463, 187.535, 49.327, -3.925, -35.784, 6.154, 0.010, 150.909, -0.645
188.277, 46.715, 4.273, 34.454, 6.166, 0.010, 151.647, 1.405, 188.028, 49.284, -4.269, -34.434, 6.166, 0.010, 151.398, -0.705
188.744, 46.761, 4.604, 33.085, 6.177, 0.010, 152.112, 1.353, 188.520, 49.238, -4.600, -33.069, 6.177, 0.010, 151.888, -0.760
189.213, 46.811, 4.921, 31.743, 6.189, 0.010, 152.578, 1.306, 189.012, 49.189, -4.917, -31.731, 6.189, 0.010, 152.377, -0.809
189.681, 46.863, 5.226, 30.465, 6.199, 0.010, 153.045, 1.264, 189.503, 49.137, -5.222, -30.459, 6.199, 0.010, 152.867, -0.853
190.150, 46.918, 5.519, 29.291, 6.210, 0.010, 153.512, 1.228, 189.994, 49.082, -5.515, -29.287, 6.210, 0.010, 153.356, -0.892
190.620, 46.976, 5.802, 28.251, 6.219, 0.010, 153.981, 1.195, 190.484, 49.024, -5.797, -28.252, 6.219, 0.010, 153.845, -0.925
191.091, 47.037, 6.075, 27.380, 6.228, 0.010, 154.451, 1.167, 190.974, 48.963, -6.071, -27.385, 6.228, 0.010, 154.334, -0.954
191.562, 47.100, 6.342, 26.706, 6.237, 0.010, 154.921, 1.143, 191.463, 48.899, -6.338, -26.715, 6.237, 0.010, 154.822, -0.979
192.033, 47.166, 6.605, 26.256, 6.245, 0.010, 155.392, 1.123, 191.951, 48.833, -6.601, -26.268, 6.245, 0.010, 155.310, -1.000
192.506, 47.235, 6.865, 26.053, 6.252, 0.010, 155.864, 1.107, 192.439, 48.765, -6.862, -26.071, 6.252, 0.010, 155.797, -1.017
192.979, 47.306, 7.127, 26.123, 6.258, 0.010, 156.337, 1.094, 192.926, 48.694, -7.123, -26.143, 6.258, 0.010, 156.284, -1.031
193.452, 47.380, 7.392, 26.483, 6.264, 0.010, 156.811, 1.083, 193.412, 48.620, -7.388, -26.507, 6.264, 0.010, 156.770, -1.041
193.927, 47.457, 7.663, 27.155, 6.269, 0.010, 157.285, 1.075, 193.897, 48.543, -7.660, -27.183, 6.269, 0.010, 157.256, -1.049
194.402, 47.536, 7.945, 28.158, 6.274, 0.010, 157.761, 1.070, 194.382, 48.464, -7.942, -28.190, 6.274, 0.010, 157.740, -1.055
194.879, 47.619, 8.240, 29.509, 6.277, 0.010, 158.237, 1.066, 194.866, 48.381, -8.237, -29.546, 6.277, 0.010, 158.224, -1.059
195.356, 47.704, 8.552, 31.230, 6.280, 0.010, 158.714, 1.064, 195.349, 48.296, -8.550, -31.271, 6.280, 0.010, 158.707, -1.061
195.833, 47.793, 8.885, 33.336, 6.282, 0.010, 159.192, 1.063, 195.831, 48.207, -8.884, -33.383, 6.282, 0.010, 159.189, -1.062
196.312, 47.885, 9.244, 35.850, 6.283, 0.010, 159.671, 1.063, 196.312, 48.115, -9.243, -35.902, 6.283, 0.010, 159.670, -1.062
196.792, 47.977, 9.152, -9.188, 6.283, 0.010, 160.150, 1.062, 196.792, 48.023, -9.152, 9.128, 6.283, 0.010, 160.150, -1.063
197.272, 48.001, 2.451, -670.101, 6.283, 0.010, 160.630, 1.062, 197.272, 47.999, -2.451, 670.057, 6.283, 0.010, 160.630, -1.063
197.752, 48.003, 0.165, -228.573, 6.283, 0.010, 161.110, 1.062, 197.752, 47.997, -0.165, 228.572, 6.283, 0.010, 161.110, -1.063
198.232, 48.005, 0.150, -1.543, 6.283, 0.010, 161.590, 1.062, 198.232, 47.995, -0.150, 1.543, 6.283, 0.010, 161.590, -1.063
198.712, 48.006, 0.135, -1.530, 6.283, 0.010, 162.071, 1.062, 198.712, 47.994, -0.135, 1.530, 6.283, 0.010, 162.070, -1.063
199.192, 48.007, 0.119, -1.516, 6.283, 0.010, 162.551, 1.062, 199.192, 47.993, -0.119, 1.516, 6.283, 0.010, 162.550, -1.063
199.672, 48.008, 0.104, -1.501, 6.283, 0.010, 163.031, 1.062, 199.672, 47.992, -0.104, 1.501, 6.283, 0.010, 163.030, -1.063
200.152, 48.009, 0.090, -1.487, 6.283, 0.010, 163.511, 1.062, 200.152, 47.991, -0.090, 1.487, 6.283, 0.010, 163.510, -1.063
200.633, 48.010, 0.075, -1.471, 6.283, 0.010, 163.991, 1.062, 200.632, 47.990, -0.075, 1.471, 6.283, 0.010, 163.990, -1.063
201.113, 48.010, 0.060, -1.456, 6.283, 0.010, 164.471, 1.062, 201.112, 47.990, -0.060, 1.456, 6.283, 0.010, 164.470, -1.063
201.593, 48.011, 0.046, -1.440, 6.283, 0.010, 164.951, 1.061, 201.592, 47.989, -0.046, 1.440, 6.283, 0.010, 164.950, -1.064
202.073, 48.011, 0.032, -1.424, 6.282, 0.010, 165.431, 1.061, 202.071, 47.989, -0.032, 1.424, 6.282, 0.010, 165.430, -1.064
202.553, 48.011, 0.018, -1.408, 6.282, 0.010, 165.911, 1.061, 202.551, 47.989, -0.018, 1.408, 6.282, 0.010, 165.909, -1.064
203.033, 48.011, 0.004, -1.392, 6.282, 0.010, 166.391, 1.060, 203.031, 47.989, -0.004, 1.392, 6.282, 0.010, 166.389, -1.065
203.513, 48.011, -0.010, -1.376, 6.282, 0.010, 166.872, 1.060, 203.511, 47.989, 0.010, 1.376, 6.282, 0.010, 166.869, -1.065
203.993, 48.011, -0.024, -1.360, 6.282, 0.010, 167.352, 1.059, 203.991, 47.989, 0.024, 1.360, 6.282, 0.010, 167.349, -1.066
204.473, 48.011, -0.037, -1.344, 6.282, 0.010, 167.832, 1.058, 204.471, 47.989, 0.037, 1.344, 6.282, 0.010, 167.829, -1.067
204.954, 48.010, -0.050, -1.329, 6.282, 0.010, 168.312, 1.058, 204.951, 47.990, 0.050, 1.329, 6.282, 0.010, 168.309, -1.067
205.434, 48.010, -0.064, -1.313, 6.282, 0.010, 168.792, 1.057, 205.431, 47.990, 0.064, 1.313, 6.282, 0.010, 168.789, -1.068
205.914, 48.009, -0.077, -1.298, 6.282, 0.010, 169.272, 1.056, 205.911, 47.991, 0.077, 1.298, 6.282, 0.010, 169.269, -1.069
206.394, 48.008, -0.089, -1.282, 6.282, 0.010, 169.752, 1.056, 206.391, 47.992, 0.089, 1.282, 6.282, 0.010, 169.749, -1.069
206.874, 48.007, -0.102, -1.268, 6.281, 0.010, 170.232, 1.055, 206.870, 47.993, 0.102, 1.268, 6.281, 0.010, 170.229, -1.070
207.354, 48.006, -0.115, -1.253, 6.281, 0.010, 170.712, 1.054, 207.350, 47.994, 0.115, 1.253, 6.281, 0.010, 170.709, -1.071
207.834, 48.004, -0.127, -1.239, 6.281, 0.010, 171.192, 1.053, 207.830, 47.996, 0.127, 1.239, 6.281, 0.010, 171.188, -1.072
208.314, 48.003, -0.139, -1.225, 6.281, 0.010, 171.672, 1.052, 208.310, 47.997, 0.139, 1.225, 6.281, 0.010, 171.668, -1.073
208.794, 48.002, -0.151, -1.212, 6.281, 0.010, 172.152, 1.051, 208.790, 47.998, 0.151, 1.212, 6.281, 0.010, 172.148, -1.074
209.274, 48.000, -0.163, -1.199, 6.281, 0.010, 172.632, 1.050, 209.270, 48.000, 0.163, 1.199, 6.281, 0.010, 172.628, -1.075
209.754, 47.998, -0.175, -1.186, 6.281, 0.010, 173.112, 1.050, 209.750, 48.002, 0.175, 1.186, 6.281, 0.010, 173.108, -1.075
210.234, 47.996, -0.187, -1.175, 6.281, 0.010, 173.592, 1.049, 210.230, 48.004, 0.187, 1.175, 6.281, 0.010, 173.588, -1.076
210.714, 47.994, -0.199, -1.163, 6.281, 0.010, 174.072, 1.048, 210.710, 48.006, 0.199, 1.163, 6.281, 0.010, 174.069, -1.077
211.194, 47.992, -0.210, -1.153, 6.282, 0.010, 174.552, 1.047, 211.191, 48.008, 0.210, 1.152, 6.282, 0.010, 174.549, -1.078
211.674, 47.990, -0.222, -1.142, 6.282, 0.010, 175.032, 1.046, 211.671, 48.010, 0.222, 1.142, 6.282, 0.010, 175.029, -1.079
212.154, 47.988, -0.233, -1.133, 6.282, 0.010, 175.512, 1.046, 212.151, 48.012, 0.233, 1.133, 6.282, 0.010, 175.509, -1.079
212.633, 47.985, -0.244, -1.124, 6.282, 0.010, 175.992, 1.045, 212.631, 48.015, 0.244, 1.124, 6.282, 0.010, 175.989, -1.080
213.113, 47.983, -0.255, -1.116, 6.282, 0.010, 176.472, 1.044, 213.111, 48.017, 0.255, 1.116, 6.282, 0.010, 176.469, -1.081
213.593, 47.980, -0.266, -1.108, 6.282, 0.010, 176.951, 1.044, 213.591, 48.020, 0.266, 1.108, 6.282, 0.010, 176.949, -1.081
214.073, 47.977, -0.277, -1.101, 6.282, 0.010, 177.431, 1.043, 214.071, 48.023, 0.277, 1.101, 6.282, 0.010, 177.430, -1.082
214.553, 47.974, -0.288, -1.095, 6.283, 0.010, 177.911, 1.043, 214.552, 48.026, 0.288, 1.095, 6.283, 0.010, 177.910, -1.082
215.032, 47.971, -0.299, -1.089, 6.283, 0.010, 178.391, 1.043, 215.032, 48.029, 0.299, 1.090, 6.283, 0.010, 178.390, -1.082
215.512, 47.968, -0.310, -1.085, 0.000, 0.010, 178.870, 1.043, 215.512, 48.032, 0.310, 1.085, 0.000, 0.010, 178.870, -1.082
215.992, 47.965, -0.321, -1.081, 0.000, 0.010, 179.350, 1.043, 215.993, 48.035, 0.321, 1.081, 0.000, 0.010, 179.351, -1.082
216.471, 47.962, -0.332, -1.077, 0.001, 0.010, 179.830, 1.043, 216.473, 48.038, 0.332, 1.078, 0.001, 0.010, 179.831, -1.082
216.951, 47.958, -0.342, -1.076, 0.001, 0.010, 180.309, 1.044, 216.953, 48.042, 0.342, 1.075, 0.001, 0.010, 180.312, -1.081
217.430, 47.955, -0.353, -1.073, 0.002, 0.010, 180.789, 1.044, 217.434, 48.045, 0.353, 1.074, 0.002, 0.010, 180.792, -1.081
217.910, 47.951, -0.364, -1.073, 0.002, 0.010, 181.268, 1.045, 217.914, 48.049, 0.364, 1.073, 0.002, 0.010, 181.273, -1.080
218.389, 47.947, -0.375, -1.073, 0.003, 0.010, 181.748, 1.046, 218.395, 48.053, 0.375, 1.073, 0.003, 0.010, 181.753, -1.079
218.869, 47.944, -0.385, -1.074, 0.003, 0.010, 182.227, 1.048, 218.876, 48.056, 0.385, 1.074, 0.003, 0.010, 182.234, -1.077
219.348, 47.940, -0.396, -1.076, 0.004, 0.010, 182.707, 1.049, 219.356, 48.060, 0.396, 1.076, 0.004, 0.010, 182.714, -1.076
219.828, 47.936, -0.407, -1.079, 0.004, 0.010, 183.186, 1.051, 219.837, 48.064, 0.407, 1.078, 0.004, 0.010, 183.195, -1.074
220.307, 47.931, -0.418, -1.082, 0.005, 0.010, 183.665, 1.053, 220.317, 48.069, 0.418, 1.082, 0.005, 0.010, 183.676, -1.072
220.786, 47.927, -0.429, -1.087, 0.006, 0.010, 184.144, 1.056, 220.798, 48.073, 0.429, 1.087, 0.006, 0.010, 184.156, -1.069
221.265, 47.923, -0.440, -1.092, 0.006, 0.010, 184.624, 1.059, 221.279, 48.077, 0.439, 1.092, 0.006, 0.010, 184.637, -1.066
221.745, 47.918, -0.450, -1.099, 0.007, 0.010, 185.103, 1.062, 221.760, 48.082, 0.450, 1.098, 0.007, 0.010, 185.118, -1.063
222.224, 47.914, -0.462, -1.106, 0.008, 0.010, 185.582, 1.065, 222.241, 48.086, 0.462, 1.106, 0.008, 0.010, 185.599, -1.060
222.703, 47.909, -0.473, -1.114, 0.009, 0.010, 186.061, 1.069, 222.722, 48.091, 0.473, 1.115, 0.009, 0.010, 186.080, -1.056
223.182, 47.904, -0.484, -1.125, 0.010, 0.010, 186.540, 1.074, 223.203, 48.096, 0.484, 1.123, 0.010, 0.010, 186.561, -1.051
223.661, 47.899, -0.495, -1.133, 0.011, 0.010, 187.019, 1.079, 223.684, 48.101, 0.495, 1.135, 0.011, 0.010, 187.041, -1.046
224.140, 47.894, -0.507, -1.146, 0.012, 0.010, 187.498, 1.084, 224.165, 48.106, 0.507, 1.145, 0.012, 0.010, 187.523, -1.041
224.619, 47.889, -0.518, -1.157, 0.013, 0.010, 187.977, 1.090, 224.646, 48.111, 0.518, 1.158, 0.013, 0.010, 188.004, -1.035
225.098, 47.883, -0.530, -1.172, 0.014, 0.010, 188.456, 1.096, 225.127, 48.117, 0.530, 1.170, 0.014, 0.010, 188.485, -1.029
225.576, 47.878, -0.542, -1.185, 0.015, 0.010, 188.934, 1.103, 225.608, 48.122, 0.542, 1.186, 0.015, 0.010, 188.966, -1.022
226.055, 47.873, -0.554, -1.201, 0.016, 0.010, 189.413, 1.110, 226.089, 48.127, 0.554, 1.201, 0.016, 0.010, 189.447, -1.015
226.534, 47.867, -0.566, -1.219, 0.017, 0.010, 189.892, 1.118, 226.571, 48.133, 0.566, 1.216, 0.017, 0.010, 189.928, -1.006
227.012, 47.861, -0.578, -1.234, 0.019, 0.010, 190.370, 1.127, 227.052, 48.139, 0.578, 1.236, 0.019, 0.010, 190.410, -0.998
227.491, 47.855, -0.591, -1.255, 0.020, 0.010, 190.849, 1.136, 227.534, 48.145, 0.591, 1.253, 0.020, 0.010, 190.891, -0.989
227.969, 47.849, -0.604, -1.274, 0.021, 0.010, 191.327, 1.146, 228.015, 48.151, 0.604, 1.274, 0.021, 0.010, 191.372, -0.979
228.448, 47.843, -0.617, -1.296, 0.023, 0.010, 191.805, 1.157, 228.497, 48.157, 0.617, 1.294, 0.023, 0.010, 191.854, -0.968
228.926, 47.837, -0.630, -1.318, 0.024, 0.010, 192.283, 1.168, 228.978, 48.163, 0.630, 1.317, 0.024, 0.010, 192.335, -0.957
229.404, 47.830, -0.643, -1.339, 0.026, 0.010, 192.762, 1.180, 229.460, 48.170, 0.643, 1.342, 0.026, 0.010, 192.817, -0.944
229.883, 47.824, -0.657, -1.367, 0.028, 0.010, 193.240, 1.193, 229.942, 48.176, 0.657, 1.363, 0.028, 0.010, 193.299, -0.931
230.361, 47.817, -0.671, -1.390, 0.029, 0.010, 193.718, 1.206, 230.424, 48.183, 0.671, 1.392, 0.029, 0.010, 193.780, -0.918
230.839, 47.810, -0.685, -1.419, 0.031, 0.010, 194.196, 1.221, 230.905, 48.190, 0.685, 1.417, 0.031, 0.010, 194.262, -0.903
231.317, 47.803, -0.699, -1.447, 0.033, 0.010, 194.673, 1.236, 231.387, 48.197, 0.699, 1.446, 0.033, 0.010, 194.744, -0.888
231.795, 47.796, -0.714, -1.476, 0.035, 0.010, 195.151, 1.252, 231.869, 48.204, 0.714, 1.476, 0.035, 0.010, 195.225, -0.871
232.273, 47.789, -0.729, -1.508, 0.037, 0.010, 195.629, 1.270, 232.352, 48.211, 0.729, 1.506, 0.037, 0.010, 195.707, -0.854
232.751, 47.781, -0.745, -1.539, 0.039, 0.010, 196.106, 1.288, 232.834, 48.219, 0.745, 1.540, 0.039, 0.010, 196.189, -0.836
233.228, 47.774, -0.760, -1.573, 0.041, 0.010, 196.583, 1.307, 233.316, 48.226, 0.760, 1.573, 0.041, 0.010, 196.671, -0.816
233.706, 47.766, -0.777, -1.609, 0.043, 0.010, 197.061, 1.327, 233.798, 48.234, 0.776, 1.606, 0.043, 0.010, 197.153, -0.796
234.184, 47.758, -0.793, -1.643, 0.046, 0.010, 197.538, 1.348, 234.281, 48.242, 0.793, 1.644, 0.046, 0.010, 197.635, -0.774
234.661, 47.750, -0.810, -1.682, 0.048, 0.010, 198.015, 1.371, 234.763, 48.250, 0.810, 1.681, 0.048, 0.010, 198.117, -0.752
235.139, 47.742, -0.827, -1.720, 0.050, 0.010, 198.492, 1.394, 235.246, 48.258, 0.827, 1.720, 0.050, 0.010, 198.599, -0.728
235.616, 47.733, -0.845, -1.761, 0.053, 0.010, 198.968, 1.419, 235.729, 48.267, 0.844, 1.759, 0.053, 0.010, 199.081, -0.703
236.093, 47.724, -0.863, -1.802, 0.056, 0.010, 199.445, 1.445, 236.211, 48.275, 0.862, 1.802, 0.056, 0.010, 199.563, -0.677
236.570, 47.716, -0.881, -1.846, 0.058, 0.010, 199.921, 1.472, 236.694, 48.284, 0.881, 1.843, 0.058, 0.010, 200.045, -0.650
237.047, 47.707, -0.900, -1.888, 0.061, 0.010, 200.397, 1.500, 237.177, 48.293, 0.900, 1.890, 0.061, 0.010, 200.527, -0.621
237.524, 47.697, -0.919, -1.935, 0.064, 0.010, 200.873, 1.530, 237.660, 48.302, 0.919, 1.934, 0.064, 0.010, 201.009, -0.591
238.001, 47.688, -0.939, -1.983, 0.067, 0.010, 201.349, 1.561, 238.143, 48.312, 0.939, 1.980, 0.067, 0.010, 201.491, -0.559
238.478, 47.678, -0.959, -2.030, 0.070, 0.010, 201.825, 1.594, 238.626, 48.321, 0.959, 2.030, 0.070, 0.010, 201.973, -0.526
238.955, 47.669, -0.980, -2.080, 0.073, 0.010, 202.300, 1.628, 239.110, 48.331, 0.980, 2.078, 0.073, 0.010, 202.455, -0.492
239.431, 47.659, -1.002, -2.131, 0.076, 0.010, 202.776, 1.663, 239.593, 48.341, 1.001, 2.130, 0.076, 0.010, 202.937, -0.456
239.908, 47.648, -1.023, -2.181, 0.079, 0.010, 203.251, 1.700, 240.077, 48.352, 1.023, 2.183, 0.079, 0.010, 203.419, -0.418
240.384, 47.638, -1.046, -2.238, 0.083, 0.010, 203.726, 1.739, 240.560, 48.362, 1.045, 2.233, 0.083, 0.010, 203.901, -0.379
240.860, 47.627, -1.069, -2.291, 0.086, 0.010, 204.200, 1.779, 241.044, 48.373, 1.068, 2.289, 0.086, 0.010, 204.383, -0.338
241.337, 47.616, -1.092, -2.347, 0.090, 0.010, 204.675, 1.821, 241.528, 48.384, 1.092, 2.345, 0.090, 0.010, 204.865, -0.296
241.813, 47.605, -1.116, -2.402, 0.094, 0.010, 205.149, 1.864, 242.012, 48.395, 1.116, 2.403, 0.094, 0.010, 205.347, -0.251
242.289, 47.594, -1.141, -2.462, 0.097, 0.010, 205.622, 1.910, 242.496, 48.406, 1.140, 2.458, 0.097, 0.010, 205.829, -0.205
242.764, 47.582, -1.166, -2.518, 0.101, 0.010, 206.096, 1.957, 242.980, 48.418, 1.166, 2.518, 0.101, 0.010, 206.311, -0.157
243.240, 47.570, -1.192, -2.579, 0.105, 0.010, 206.569, 2.006, 243.464, 48.430, 1.191, 2.575, 0.105, 0.010, 206.793, -0.107
243.716, 47.558, -1.218, -2.637, 0.110, 0.010, 207.042, 2.057, 243.949, 48.442, 1.218, 2.637, 0.110, 0.010, 207.274, -0.055
244.191, 47.546, -1.245, -2.698, 0.114, 0.010, 207.514, 2.110, 244.433, 48.454, 1.245, 2.697, 0.114, 0.010, 207.756, -0.001
244.666, 47.533, -1.273, -2.759, 0.118, 0.010, 207.986, 2.165, 244.918, 48.467, 1.272, 2.757, 0.118, 0.010, 208.237, 0.055
245.142, 47.520, -1.301, -2.820, 0.123, 0.010, 208.458, 2.222, 245.403, 48.480, 1.300, 2.818, 0.123, 0.010, 208.718, 0.113
245.617, 47.507, -1.330, -2.881, 0.127, 0.010, 208.930, 2.282, 245.888, 48.493, 1.329, 2.878, 0.127, 0.010, 209.200, 0.174
246.092, 47.493, -1.359, -2.941, 0.132, 0.010, 209.400, 2.343, 246.373, 48.507, 1.359, 2.939, 0.132, 0.010, 209.681, 0.237
246.566, 47.479, -1.389, -3.001, 0.137, 0.010, 209.871, 2.407, 246.858, 48.521, 1.389, 2.998, 0.137, 0.010, 210.161, 0.302
247.041, 47.465, -1.420, -3.060, 0.142, 0.010, 210.341, 2.473, 247.343, 48.535, 1.419, 3.057, 0.142, 0.010, 210.642, 0.369
247.516, 47.450, -1.451, -3.118, 0.147, 0.010, 210.811, 2.541, 247.829, 48.550, 1.450, 3.115, 0.147, 0.010, 211.122, 0.439
247.990, 47.436, -1.483, -3.173, 0.153, 0.010, 211.280, 2.612, 248.314, 48.564, 1.482, 3.173, 0.153, 0.010, 211.603, 0.512
248.464, 47.420, -1.515, -3.230, 0.158, 0.010, 211.748, 2.686, 248.800, 48.579, 1.514, 3.225, 0.158, 0.010, 212.083, 0.587
248.938, 47.405, -1.548, -3.283, 0.164, 0.010, 212.216, 2.761, 249.286, 48.595, 1.547, 3.277, 0.164, 0.010, 212.562, 0.665
249.412, 47.389, -1.581, -3.329, 0.169, 0.010, 212.683, 2.840, 249.772, 48.611, 1.580, 3.331, 0.169, 0.010, 213.042, 0.745
249.886, 47.373, -1.615, -3.381, 0.175, 0.010, 213.150, 2.921, 250.259, 48.627, 1.614, 3.372, 0.175, 0.010, 213.521, 0.829
250.359, 47.356, -1.649, -3.419, 0.181, 0.010, 213.616, 3.005, 250.745, 48.643, 1.648, 3.419, 0.181, 0.010, 213.999, 0.915
250.833, 47.340, -1.684, -3.458, 0.188, 0.010, 214.081, 3.092, 251.232, 48.660, 1.683, 3.456, 0.188, 0.010, 214.478, 1.004
251.306, 47.322, -1.719, -3.492, 0.194, 0.010, 214.546, 3.182, 251.718, 48.677, 1.718, 3.488, 0.194, 0.010, 214.956, 1.097
251.779, 47.305, -1.754, -3.521, 0.201, 0.010, 215.010, 3.275, 252.205, 48.695, 1.753, 3.513, 0.201, 0.010, 215.433, 1.192
252.252, 47.287, -1.789, -3.537, 0.207, 0.010, 215.473, 3.370, 252.692, 48.713, 1.788, 3.540, 0.207, 0.010, 215.910, 1.291
252.725, 47.269, -1.825, -3.556, 0.214, 0.010, 215.935, 3.469, 253.180, 48.731, 1.824, 3.547, 0.214, 0.010, 216.387, 1.393
253.197, 47.250, -1.860, -3.559, 0.221, 0.010, 216.397, 3.571, 253.667, 48.750, 1.859, 3.554, 0.221, 0.010, 216.863, 1.498
253.669, 47.231, -1.896, -3.551, 0.228, 0.010, 216.857, 3.676, 254.155, 48.769, 1.895, 3.553, 0.228, 0.010, 217.338, 1.607
254.142, 47.212, -1.931, -3.543, 0.236, 0.010, 217.317, 3.785, 254.643, 48.788, 1.930, 3.532, 0.236, 0.010, 217.813, 1.719
254.613, 47.192, -1.966, -3.512, 0.243, 0.010, 217.775, 3.897, 255.131, 48.808, 1.965, 3.511, 0.243, 0.010, 218.287, 1.835
255.085, 47.172, -2.001, -3.477, 0.251, 0.010, 218.232, 4.013, 255.619, 48.828, 2.000, 3.469, 0.251, 0.010, 218.761, 1.954
255.557, 47.152, -2.035, -3.419, 0.259, 0.010, 218.689, 4.132, 256.108, 48.848, 2.034, 3.421, 0.259, 0.010, 219.233, 2.078
256.028, 47.131, -2.069, -3.358, 0.267, 0.010, 219.144, 4.254, 256.596, 48.869, 2.068, 3.347, 0.267, 0.010, 219.705, 2.205
256.499, 47.110, -2.102, -3.269, 0.276, 0.010, 219.597, 4.381, 257.085, 48.890, 2.100, 3.269, 0.276, 0.010, 220.176, 2.336
256.970, 47.089, -2.133, -3.172, 0.284, 0.010, 220.050, 4.511, 257.574, 48.911, 2.132, 3.162, 0.284, 0.010, 220.646, 2.471
257.441, 47.067, -2.164, -3.047, 0.293, 0.010, 220.501, 4.645, 258.064, 48.932, 2.162, 3.046, 0.293, 0.010, 221.115, 2.610
257.911, 47.045, -2.193, -2.909, 0.302, 0.010, 220.951, 4.783, 258.553, 48.954, 2.191, 2.900, 0.302, 0.010, 221.583, 2.754
258.381, 47.023, -2.220, -2.743, 0.311, 0.010, 221.399, 4.925, 259.043, 48.977, 2.219, 2.739, 0.311, 0.010, 222.050, 2.902
258.851, 47.001, -2.246, -2.557, 0.321, 0.010, 221.846, 5.071, 259.533, 48.999, 2.244, 2.550, 0.321, 0.010, 222.516, 3.054
259.321, 46.978, -2.269, -2.343, 0.330, 0.010, 222.291, 5.221, 260.023, 49.022, 2.268, 2.339, 0.330, 0.010, 222.980, 3.211
259.791, 46.955, -2.290, -2.106, 0.340, 0.010, 222.735, 5.375, 260.514, 49.045, 2.289, 2.099, 0.340, 0.010, 223.443, 3.372
260.260, 46.932, -2.309, -1.837, 0.350, 0.010, 223.176, 5.534, 261.004, 49.068, 2.307, 1.835, 0.350, 0.010, 223.905, 3.538
260.729, 46.909, -2.324, -1.544, 0.360, 0.010, 223.616, 5.697, 261.495, 49.091, 2.322, 1.536, 0.360, 0.010, 224.365, 3.709
261.198, 46.885, -2.336, -1.216, 0.371, 0.010, 224.054, 5.865, 261.986, 49.114, 2.334, 1.212, 0.371, 0.010, 224.824, 3.884
261.667, 46.862, -2.345, -0.859, 0.382, 0.010, 224.490, 6.037, 262.478, 49.138, 2.343, 0.855, 0.382, 0.010, 225.281, 4.065
262.135, 46.838, -2.350, -0.470, 0.393, 0.010, 224.923, 6.214, 262.969, 49.161, 2.348, 0.466, 0.393, 0.010, 225.736, 4.251
262.603, 46.815, -2.350, -0.048, 0.404, 0.010, 225.355, 6.395, 263.461, 49.185, 2.348, 0.045, 0.404, 0.010, 226.190, 4.441
263.071, 46.791, -2.346, 0.405, 0.415, 0.010, 225.784, 6.582, 263.953, 49.208, 2.344, -0.411, 0.415, 0.010, 226.641, 4.637
263.539, 46.768, -2.337, 0.896, 0.427, 0.010, 226.211, 6.773, 264.446, 49.231, 2.335, -0.895, 0.427, 0.010, 227.091, 4.838
264.006, 46.745, -2.323, 1.412, 0.439, 0.010, 226.635, 6.969, 264.938, 49.255, 2.321, -1.418, 0.439, 0.010, 227.538, 5.045
264.473, 46.722, -2.303, 1.967, 0.451, 0.010, 227.057, 7.170, 265.431, 49.278, 2.301, -1.967, 0.451, 0.010, 227.983, 5.257
264.940, 46.699, -2.278, 2.548, 0.463, 0.010, 227.476, 7.376, 265.924, 49.300, 2.276, -2.550, 0.463, 0.010, 228.425, 5.474
265.407, 46.677, -2.246, 3.159, 0.475, 0.010, 227.893, 7.586, 266.417, 49.323, 2.244, -3.161, 0.475, 0.010, 228.865, 5.697
265.874, 46.654, -2.208, 3.797, 0.488, 0.010, 228.306, 7.803, 266.911, 49.345, 2.206, -3.797, 0.488, 0.010, 229.302, 5.925
266.340, 46.633, -2.164, 4.459, 0.501, 0.010, 228.717, 8.024, 267.404, 49.366, 2.162, -4.458, 0.501, 0.010, 229.737, 6.160
266.806, 46.612, -2.112, 5.142, 0.514, 0.010, 229.124, 8.250, 267.898, 49.388, 2.110, -5.139, 0.514, 0.010, 230.169, 6.400
267.272, 46.591, -2.054, 5.841, 0.527, 0.010, 229.528, 8.482, 268.392, 49.408, 2.052, -5.838, 0.527, 0.010, 230.597, 6.645
267.738, 46.571, -1.988, 6.552, 0.541, 0.010, 229.929, 8.719, 268.886, 49.428, 1.986, -6.550, 0.541, 0.010, 231.023, 6.897
268.203, 46.552, -1.916, 7.273, 0.554, 0.010, 230.327, 8.961, 269.381, 49.447, 1.914, -7.268, 0.554, 0.010, 231.445, 7.154
268.669, 46.534, -1.836, 7.995, 0.568, 0.010, 230.721, 9.209, 269.876, 49.465, 1.834, -7.989, 0.568, 0.010, 231.864, 7.417
269.134, 46.516, -1.748, 8.713, 0.582, 0.010, 231.111, 9.462, 270.370, 49.483, 1.747, -8.706, 0.582, 0.010, 232.279, 7.686
269.599, 46.500, -1.654, 9.422, 0.596, 0.010, 231.498, 9.720, 270.865, 49.499, 1.652, -9.413, 0.596, 0.010, 232.691, 7.961
270.064, 46.484, -1.553, 10.113, 0.610, 0.010, 231.881, 9.984, 271.361, 49.515, 1.551, -10.105, 0.610, 0.010, 233.099, 8.242
270.528, 46.470, -1.445, 10.782, 0.625, 0.010, 232.260, 10.253, 271.856, 49.529, 1.444, -10.771, 0.625, 0.010, 233.502, 8.529
270.993, 46.456, -1.331, 11.420, 0.639, 0.010, 232.635, 10.527, 272.351, 49.543, 1.330, -11.410, 0.639, 0.010, 233.902, 8.822
271.457, 46.444, -1.211, 12.022, 0.654, 0.010, 233.005, 10.807, 272.847, 49.555, 1.210, -12.010, 0.654, 0.010, 234.298, 9.120
271.922, 46.434, -1.085, 12.579, 0.669, 0.010, 233.372, 11.092, 273.343, 49.566, 1.084, -12.567, 0.669, 0.010, 234.689, 9.424
272.386, 46.424, -0.954, 13.087, 0.683, 0.010, 233.734, 11.382, 273.838, 49.575, 0.953, -13.073, 0.683, 0.010, 235.076, 9.735
272.850, 46.416, -0.819, 13.538, 0.698, 0.010, 234.092, 11.678, 274.334, 49.583, 0.818, -13.523, 0.698, 0.010, 235.458, 10.051
273.314, 46.409, -0.680, 13.926, 0.713, 0.010, 234.445, 11.979, 274.830, 49.590, 0.679, -13.912, 0.713, 0.010, 235.835, 10.372
273.778, 46.404, -0.537, 14.249, 0.728, 0.010, 234.793, 12.285, 275.326, 49.595, 0.536, -14.233, 0.728, 0.010, 236.208, 10.700
274.242, 46.400, -0.392, 14.499, 0.743, 0.010, 235.137, 12.597, 275.822, 49.599, 0.392, -14.484, 0.743, 0.010, 236.576, 11.032
274.706, 46.397, -0.245, 14.678, 0.758, 0.010, 235.477, 12.913, 276.318, 49.602, 0.245, -14.659, 0.758, 0.010, 236.938, 11.371
275.170, 46.396, -0.098, 14.776, 0.774, 0.010, 235.811, 13.235, 276.814, 49.603, 0.097, -14.761, 0.774, 0.010, 237.296, 11.715
275.634, 46.397, 0.050, 14.800, 0.789, 0.010, 236.141, 13.562, 277.310, 49.602, -0.050, -14.782, 0.789, 0.010, 237.648, 12.064
276.098, 46.399, 0.198, 14.744, 0.804, 0.010, 236.465, 13.893, 277.806, 49.600, -0.198, -14.727, 0.804, 0.010, 237.995, 12.418
276.562, 46.402, 0.344, 14.611, 0.819, 0.010, 236.785, 14.230, 278.302, 49.597, -0.344, -14.594, 0.819, 0.010, 238.336, 12.778
277.026, 46.407, 0.488, 14.401, 0.834, 0.010, 237.099, 14.571, 278.798, 49.592, -0.487, -14.387, 0.834, 0.010, 238.672, 13.143
277.490, 46.413, 0.629, 14.123, 0.849, 0.010, 237.408, 14.917, 279.294, 49.586, -0.629, -14.104, 0.849, 0.010, 239.003, 13.512
277.954, 46.421, 0.767, 13.771, 0.863, 0.010, 237.713, 15.268, 279.790, 49.578, -0.766, -13.756, 0.863, 0.010, 239.328, 13.887
278.419, 46.430, 0.901, 13.357, 0.878, 0.010, 238.012, 15.623, 280.285, 49.569, -0.900, -13.342, 0.878, 0.010, 239.647, 14.266
278.883, 46.440, 1.029, 12.882, 0.893, 0.010, 238.306, 15.982, 280.781, 49.559, -1.028, -12.870, 0.893, 0.010, 239.961, 14.650
279.348, 46.452, 1.153, 12.357, 0.907, 0.010, 238.594, 16.346, 281.276, 49.547, -1.152, -12.343, 0.907, 0.010, 240.269, 15.038
279.812, 46.465, 1.271, 11.783, 0.922, 0.010, 238.878, 16.714, 281.772, 49.535, -1.269, -11.770, 0.922, 0.010, 240.571, 15.430
280.277, 46.478, 1.382, 11.167, 0.936, 0.010, 239.156, 17.087, 282.267, 49.521, -1.381, -11.158, 0.936, 0.010, 240.867, 15.827
280.742, 46.493, 1.488, 10.519, 0.950, 0.010, 239.429, 17.463, 282.762, 49.506, -1.486, -10.511, 0.950, 0.010, 241.158, 16.228
281.207, 46.509, 1.586, 9.849, 0.964, 0.010, 239.697, 17.843, 283.257, 49.490, -1.584, -9.833, 0.964, 0.010, 241.443, 16.633
281.672, 46.526, 1.678, 9.148, 0.978, 0.010, 239.959, 18.228, 283.752, 49.473, -1.676, -9.147, 0.978, 0.010, 241.722, 17.041
282.138, 46.544, 1.762, 8.445, 0.992, 0.010, 240.216, 18.616, 284.246, 49.456, -1.760, -8.435, 0.992, 0.010, 241.995, 17.453
282.603, 46.562, 1.839, 7.728, 1.006, 0.010, 240.468, 19.007, 284.740, 49.437, -1.837, -7.726, 1.006, 0.010, 242.263, 17.869
283.069, 46.581, 1.909, 7.016, 1.019, 0.010, 240.715, 19.402, 285.235, 49.418, -1.908, -7.008, 1.019, 0.010, 242.525, 18.288
283.535, 46.601, 1.973, 6.306, 1.032, 0.010, 240.957, 19.800, 285.729, 49.399, -1.971, -6.299, 1.032, 0.010, 242.781, 18.710
284.001, 46.621, 2.029, 5.603, 1.045, 0.010, 241.194, 20.202, 286.222, 49.378, -2.027, -5.603, 1.045, 0.010, 243.032, 19.136
284.468, 46.642, 2.078, 4.918, 1.058, 0.010, 241.425, 20.607, 286.716, 49.358, -2.076, -4.918, 1.058, 0.010, 243.277, 19.564
284.935, 46.663, 2.120, 4.255, 1.070, 0.010, 241.651, 21.015, 287.209, 49.336, -2.118, -4.248, 1.070, 0.010, 243.516, 19.996
285.401, 46.685, 2.156, 3.607, 1.083, 0.010, 241.873, 21.426, 287.703, 49.315, -2.154, -3.608, 1.083, 0.010, 243.750, 20.430
285.868, 46.706, 2.186, 2.987, 1.095, 0.010, 242.089, 21.840, 288.195, 49.293, -2.184, -2.989, 1.095, 0.010, 243.978, 20.867
286.336, 46.729, 2.210, 2.396, 1.107, 0.010, 242.301, 22.257, 288.688, 49.271, -2.208, -2.398, 1.107, 0.010, 244.201, 21.306
286.803, 46.751, 2.229, 1.834, 1.119, 0.010, 242.508, 22.676, 289.181, 49.249, -2.227, -1.835, 1.119, 0.010, 244.419, 21.748
287.271, 46.773, 2.242, 1.304, 1.130, 0.010, 242.709, 23.098, 289.673, 49.226, -2.240, -1.302, 1.130, 0.010, 244.632, 22.192
287.739, 46.796, 2.250, 0.797, 1.142, 0.010, 242.907, 23.522, 290.165, 49.204, -2.248, -0.811, 1.142, 0.010, 244.839, 22.638
288.207, 46.818, 2.253, 0.340, 1.153, 0.010, 243.099, 23.949, 290.657, 49.181, -2.251, -0.333, 1.153, 0.010, 245.041, 23.086
288.676, 46.841, 2.252, -0.102, 1.164, 0.010, 243.287, 24.378, 291.148, 49.159, -2.250, 0.093, 1.164, 0.010, 245.238, 23.537
289.144, 46.863, 2.247, -0.502, 1.174, 0.010, 243.470, 24.809, 291.640, 49.136, -2.245, 0.497, 1.174, 0.010, 245.430, 23.989
289.613, 46.886, 2.238, -0.870, 1.185, 0.010, 243.649, 25.243, 292.131, 49.114, -2.236, 0.869, 1.185, 0.010, 245.618, 24.443
290.082, 46.908, 2.226, -1.212, 1.195, 0.010, 243.823, 25.678, 292.622, 49.092, -2.224, 1.204, 1.195, 0.010, 245.800, 24.899
290.551, 46.930, 2.211, -1.515, 1.205, 0.010, 243.993, 26.116, 293.112, 49.070, -2.209, 1.517, 1.205, 0.010, 245.978, 25.356
291.021, 46.952, 2.193, -1.803, 1.215, 0.010, 244.159, 26.555, 293.603, 49.048, -2.191, 1.786, 1.215, 0.010, 246.151, 25.815
291.491, 46.974, 2.172, -2.043, 1.225, 0.010, 244.321, 26.996, 294.093, 49.026, -2.171, 2.048, 1.225, 0.010, 246.320, 26.275
291.961, 46.995, 2.150, -2.273, 1.234, 0.010, 244.478, 27.439, 294.583, 49.004, -2.148, 2.264, 1.234, 0.010, 246.484, 26.737
292.431, 47.016, 2.125, -2.469, 1.243, 0.010, 244.631, 27.884, 295.073, 48.983, -2.124, 2.464, 1.243, 0.010, 246.643, 27.200
292.901, 47.037, 2.099, -2.638, 1.252, 0.010, 244.780, 28.330, 295.563, 48.962, -2.097, 2.642, 1.252, 0.010, 246.799, 27.664
293.372, 47.058, 2.071, -2.801, 1.261, 0.010, 244.926, 28.777, 296.052, 48.942, -2.069, 2.781, 1.261, 0.010, 246.950, 28.130
293.843, 47.079, 2.042, -2.916, 1.270, 0.010, 245.067, 29.226, 296.541, 48.921, -2.040, 2.926, 1.270, 0.010, 247.097, 28.596
294.313, 47.099, 2.011, -3.040, 1.278, 0.010, 245.205, 29.677, 297.030, 48.901, -2.010, 3.022, 1.278, 0.010, 247.240, 29.064
294.785, 47.118, 1.980, -3.122, 1.287, 0.010, 245.339, 30.128, 297.519, 48.881, -1.979, 3.123, 1.287, 0.010, 247.379, 29.533
295.256, 47.138, 1.948, -3.197, 1.295, 0.010, 245.469, 30.581, 298.008, 48.862, -1.947, 3.196, 1.295, 0.010, 247.514, 30.002
295.728, 47.157, 1.915, -3.258, 1.303, 0.010, 245.596, 31.036, 298.496, 48.843, -1.914, 3.253, 1.303, 0.010, 247.645, 30.473
296.199, 47.176, 1.882, -3.306, 1.311, 0.010, 245.719, 31.491, 298.984, 48.824, -1.881, 3.293, 1.311, 0.010, 247.772, 30.944
296.671, 47.194, 1.849, -3.331, 1.318, 0.010, 245.839, 31.948, 299.472, 48.805, -1.848, 3.330, 1.318, 0.010, 247.896, 31.416
297.143, 47.213, 1.816, -3.348, 1.326, 0.010, 245.955, 32.405, 299.960, 48.787, -1.814, 3.351, 1.326, 0.010, 248.016, 31.889
297.616, 47.230, 1.782, -3.365, 1.333, 0.010, 246.068, 32.864, 300.448, 48.769, -1.781, 3.350, 1.333, 0.010, 248.133, 32.363
298.088, 47.248, 1.748, -3.352, 1.340, 0.010, 246.178, 33.323, 300.936, 48.752, -1.747, 3.359, 1.340, 0.010, 248.246, 32.837
298.561, 47.265, 1.715, -3.354, 1.347, 0.010, 246.284, 33.784, 301.423, 48.735, -1.714, 3.336, 1.347, 0.010, 248.356, 33.312
299.034, 47.282, 1.682, -3.323, 1.354, 0.010, 246.388, 34.245, 301.910, 48.718, -1.681, 3.330, 1.354, 0.010, 248.463, 33.787
299.507, 47.298, 1.649, -3.303, 1.360, 0.010, 246.488, 34.707, 302.397, 48.702, -1.648, 3.298, 1.360, 0.010, 248.566, 34.263
299.980, 47.314, 1.616, -3.270, 1.367, 0.010, 246.586, 35.170, 302.884, 48.685, -1.615, 3.267, 1.367, 0.010, 248.667, 34.739
300.453, 47.330, 1.583, -3.237, 1.373, 0.010, 246.680, 35.634, 303.371, 48.670, -1.583, 3.225, 1.373, 0.010, 248.764, 35.216
300.927, 47.346, 1.552, -3.185, 1.379, 0.010, 246.772, 36.099, 303.857, 48.654, -1.551, 3.191, 1.379, 0.010, 248.858, 35.693
301.400, 47.361, 1.520, -3.143, 1.385, 0.010, 246.861, 36.564, 304.344, 48.639, -1.519, 3.140, 1.385, 0.010, 248.949, 36.171
301.874, 47.376, 1.489, -3.096, 1.391, 0.010, 246.947, 37.030, 304.830, 48.624, -1.489, 3.085, 1.391, 0.010, 249.038, 36.649
302.348, 47.390, 1.459, -3.034, 1.397, 0.010, 247.030, 37.496, 305.316, 48.609, -1.458, 3.040, 1.397, 0.010, 249.123, 37.128
302.822, 47.405, 1.429, -2.983, 1.402, 0.010, 247.111, 37.963, 305.802, 48.595, -1.428, 2.977, 1.402, 0.010, 249.206, 37.607
303.296, 47.419, 1.400, -2.923, 1.408, 0.010, 247.189, 38.431, 306.288, 48.581, -1.399, 2.920, 1.408, 0.010, 249.286, 38.086
303.770, 47.432, 1.371, -2.861, 1.413, 0.010, 247.265, 38.899, 306.773, 48.567, -1.371, 2.860, 1.413, 0.010, 249.364, 38.565
304.245, 47.446, 1.343, -2.801, 1.418, 0.010, 247.339, 39.368, 307.259, 48.554, -1.343, 2.797, 1.418, 0.010, 249.439, 39.045
304.719, 47.459, 1.316, -2.736, 1.423, 0.010, 247.409, 39.837, 307.744, 48.541, -1.315, 2.734, 1.423, 0.010, 249.511, 39.525
305.194, 47.472, 1.289, -2.671, 1.428, 0.010, 247.478, 40.307, 308.230, 48.528, -1.289, 2.670, 1.428, 0.010, 249.581, 40.005
305.669, 47.485, 1.263, -2.608, 1.433, 0.010, 247.544, 40.777, 308.715, 48.515, -1.263, 2.603, 1.433, 0.010, 249.649, 40.486
306.144, 47.497, 1.238, -2.540, 1.438, 0.010, 247.608, 41.248, 309.200, 48.503, -1.237, 2.540, 1.438, 0.010, 249.715, 40.966
306.619, 47.509, 1.213, -2.473, 1.443, 0.010, 247.670, 41.719, 309.685, 48.491, -1.212, 2.476, 1.443, 0.010, 249.778, 41.447
307.094, 47.521, 1.189, -2.416, 1.447, 0.010, 247.730, 42.190, 310.169, 48.479, -1.188, 2.401, 1.447, 0.010, 249.839, 41.928
307.570, 47.533, 1.165, -2.337, 1.451, 0.010, 247.788, 42.662, 310.654, 48.467, -1.165, 2.349, 1.451, 0.010, 249.897, 42.409
308.045, 47.544, 1.143, -2.284, 1.456, 0.010, 247.843, 43.134, 311.139, 48.456, -1.142, 2.270, 1.456, 0.010, 249.954, 42.890
308.521, 47.555, 1.120, -2.205, 1.460, 0.010, 247.897, 43.607, 311.623, 48.445, -1.120, 2.218, 1.460, 0.010, 250.009, 43.372
308.996, 47.566, 1.099, -2.153, 1.464, 0.010, 247.948, 44.080, 312.107, 48.434, -1.099, 2.141, 1.464, 0.010, 250.061, 43.853
309.472, 47.577, 1.078, -2.084, 1.468, 0.010, 247.998, 44.553, 312.592, 48.423, -1.078, 2.082, 1.468, 0.010, 250.112, 44.335
309.948, 47.588, 1.058, -2.017, 1.472, 0.010, 248.046, 45.026, 313.076, 48.412, -1.058, 2.021, 1.472, 0.010, 250.161, 44.816
310.424, 47.598, 1.038, -1.958, 1.476, 0.010, 248.092, 45.500, 313.560, 48.402, -1.038, 1.955, 1.476, 0.010, 250.208, 45.298
310.900, 47.608, 1.019, -1.894, 1.479, 0.010, 248.137, 45.974, 314.044, 48.392, -1.019, 1.894, 1.479, 0.010, 250.253, 45.780
311.376, 47.618, 1.001, -1.838, 1.483, 0.010, 248.179, 46.448, 314.528, 48.382, -1.001, 1.828, 1.483, 0.010, 250.296, 46.262
311.852, 47.628, 0.983, -1.769, 1.486, 0.010, 248.220, 46.923, 315.011, 48.372, -0.983, 1.776, 1.486, 0.010, 250.338, 46.744
312.329, 47.638, 0.966, -1.713, 1.490, 0.010, 248.259, 47.397, 315.495, 48.362, -0.966, 1.711, 1.490, 0.010, 250.378, 47.226
312.805, 47.647, 0.950, -1.654, 1.493, 0.010, 248.297, 47.872, 315.978, 48.353, -0.949, 1.652, 1.493, 0.010, 250.416, 47.708
313.282, 47.657, 0.934, -1.596, 1.496, 0.010, 248.333, 48.348, 316.462, 48.343, -0.934, 1.594, 1.496, 0.010, 250.453, 48.190
313.759, 47.666, 0.918, -1.538, 1.500, 0.010, 248.368, 48.823, 316.945, 48.334, -0.918, 1.537, 1.500, 0.010, 250.488, 48.672
314.235, 47.675, 0.904, -1.482, 1.503, 0.010, 248.401, 49.299, 317.428, 48.325, -0.903, 1.481, 1.503, 0.010, 250.521, 49.154
314.712, 47.684, 0.889, -1.426, 1.506, 0.010, 248.433, 49.774, 317.912, 48.316, -0.889, 1.425, 1.506, 0.010, 250.554, 49.636
315.189, 47.692, 0.876, -1.371, 1.508, 0.010, 248.463, 50.250, 318.395, 48.308, -0.875, 1.371, 1.508, 0.010, 250.584, 50.118
315.666, 47.701, 0.862, -1.317, 1.511, 0.010, 248.492, 50.726, 318.878, 48.299, -0.862, 1.317, 1.511, 0.010, 250.614, 50.600
316.143, 47.710, 0.850, -1.263, 1.514, 0.010, 248.520, 51.203, 319.361, 48.290, -0.850, 1.265, 1.514, 0.010, 250.642, 51.082
316.620, 47.718, 0.838, -1.216, 1.517, 0.010, 248.547, 51.679, 319.843, 48.282, -0.837, 1.207, 1.517, 0.010, 250.669, 51.564
317.098, 47.726, 0.826, -1.154, 1.519, 0.010, 248.572, 52.156, 320.326, 48.274, -0.826, 1.165, 1.519, 0.010, 250.694, 52.046
317.575, 47.734, 0.815, -1.115, 1.522, 0.010, 248.596, 52.633, 320.809, 48.266, -0.815, 1.101, 1.522, 0.010, 250.718, 52.528
318.052, 47.742, 0.804, -1.054, 1.524, 0.010, 248.619, 53.109, 321.291, 48.258, -0.804, 1.063, 1.524, 0.010, 250.741, 53.010
318.530, 47.750, 0.794, -1.011, 1.527, 0.010, 248.640, 53.586, 321.774, 48.250, -0.794, 1.006, 1.527, 0.010, 250.763, 53.492
319.007, 47.758, 0.785, -0.959, 1.529, 0.010, 248.661, 54.064, 322.256, 48.242, -0.785, 0.960, 1.529, 0.010, 250.784, 53.974
319.485, 47.766, 0.776, -0.911, 1.531, 0.010, 248.680, 54.541, 322.739, 48.234, -0.775, 0.910, 1.531, 0.010, 250.804, 54.456
319.963, 47.774, 0.767, -0.862, 1.533, 0.010, 248.699, 55.018, 323.221, 48.226, -0.767, 0.863, 1.533, 0.010, 250.822, 54.938
320.440, 47.761, -1.303, -207.038, 1.535, 0.010, 248.716, 55.495, 323.703, 48.198, -2.839, -207.265, 1.535, 0.010, 250.840, 55.420
320.917, 47.697, -6.325, -502.140, 1.537, 0.010, 248.733, 55.972, 324.184, 48.119, -7.887, -504.765, 1.537, 0.010, 250.857, 55.901
321.393, 47.575, -12.236, -591.164, 1.539, 0.010, 248.749, 56.448, 324.664, 47.981, -13.827, -594.011, 1.539, 0.010, 250.872, 56.380
321.867, 47.393, -18.151, -591.479, 1.541, 0.010, 248.763, 56.921, 325.142, 47.783, -19.764, -593.711, 1.541, 0.010, 250.887, 56.858
322.339, 47.153, -24.069, -591.773, 1.543, 0.010, 248.777, 57.393, 325.617, 47.526, -25.698, -593.409, 1.543, 0.010, 250.901, 57.333
322.807, 46.853, -29.990, -592.065, 1.544, 0.010, 248.790, 57.861, 326.089, 47.210, -31.630, -593.124, 1.544, 0.010, 250.914, 57.805
323.272, 46.494, -35.913, -592.343, 1.546, 0.010, 248.801, 58.326, 326.557, 46.834, -37.558, -592.843, 1.546, 0.010, 250.926, 58.273
323.733, 46.075, -41.839, -592.611, 1.547, 0.010, 248.813, 58.786, 327.021, 46.400, -43.484, -592.571, 1.547, 0.010, 250.937, 58.737
324.189, 45.598, -47.768, -592.877, 1.549, 0.010, 248.823, 59.242, 327.480, 45.905, -49.407, -592.314, 1.549, 0.010, 250.947, 59.196
324.639, 45.061, -53.699, -593.124, 1.550, 0.010, 248.832, 59.693, 327.934, 45.352, -55.328, -592.057, 1.550, 0.010, 250.957, 59.649
325.084, 44.464, -59.633, -593.371, 1.552, 0.010, 248.841, 60.137, 328.381, 44.740, -61.246, -591.817, 1.552, 0.010, 250.966, 60.097
325.522, 43.809, -65.569, -593.603, 1.553, 0.010, 248.849, 60.575, 328.822, 44.068, -67.161, -591.581, 1.553, 0.010, 250.974, 60.537
325.953, 43.094, -71.507, -593.829, 1.554, 0.010, 248.857, 61.006, 329.255, 43.337, -73.075, -591.359, 1.554, 0.010, 250.982, 60.971
326.376, 42.319, -77.448, -594.042, 1.555, 0.010, 248.864, 61.429, 329.681, 42.547, -78.986, -591.141, 1.555, 0.010, 250.988, 61.396
326.791, 41.485, -83.390, -594.250, 1.556, 0.010, 248.870, 61.844, 330.098, 41.699, -84.896, -590.939, 1.556, 0.010, 250.995, 61.813
327.197, 40.592, -89.335, -594.442, 1.557, 0.010, 248.876, 62.250, 330.506, 40.791, -90.803, -590.742, 1.557, 0.010, 251.001, 62.221
327.593, 39.639, -95.281, -594.625, 1.558, 0.010, 248.881, 62.646, 330.904, 39.823, -96.709, -590.559, 1.558, 0.010, 251.006, 62.619
327.980, 38.627, -101.229, -594.800, 1.559, 0.010, 248.886, 63.033, 331.292, 38.797, -102.613, -590.390, 1.559, 0.010, 251.011, 63.007
328.355, 37.576, -105.111, -388.225, 1.559, 0.010, 248.890, 63.408, 331.669, 37.733, -106.439, -382.654, 1.559, 0.010, 251.015, 63.384
328.721, 36.515, -106.037, -92.555, 1.560, 0.010, 248.894, 63.774, 332.036, 36.660, -107.297, -85.735, 1.560, 0.010, 251.019, 63.751
329.075, 35.455, -106.072, -3.494, 1.561, 0.010, 248.898, 64.128, 332.392, 35.587, -107.262, 3.493, 1.561, 0.010, 251.023, 64.107
329.419, 34.393, -106.105, -3.380, 1.561, 0.010, 248.901, 64.472, 332.737, 34.515, -107.228, 3.379, 1.561, 0.010, 251.026, 64.452
329.752, 33.332, -106.138, -3.270, 1.562, 0.010, 248.905, 64.805, 333.071, 33.443, -107.195, 3.270, 1.562, 0.010, 251.029, 64.786
330.075, 32.270, -106.170, -3.163, 1.562, 0.010, 248.907, 65.128, 333.395, 32.371, -107.164, 3.164, 1.562, 0.010, 251.032, 65.110
330.387, 31.208, -106.200, -3.060, 1.563, 0.010, 248.910, 65.440, 333.708, 31.300, -107.133, 3.060, 1.563, 0.010, 251.035, 65.423
330.689, 30.146, -106.230, -2.959, 1.563, 0.010, 248.912, 65.742, 334.010, 30.229, -107.103, 2.958, 1.563, 0.010, 251.037, 65.725
330.980, 29.084, -106.258, -2.860, 1.563, 0.010, 248.915, 66.032, 334.302, 29.158, -107.075, 2.860, 1.563, 0.010, 251.039, 66.017
331.260, 28.021, -106.286, -2.761, 1.564, 0.010, 248.917, 66.313, 334.583, 28.088, -107.047, 2.763, 1.564, 0.010, 251.041, 66.298
331.529, 26.958, -106.313, -2.667, 1.564, 0.010, 248.918, 66.582, 334.853, 27.018, -107.021, 2.665, 1.564, 0.010, 251.043, 66.568
331.788, 25.894, -106.338, -2.570, 1.564, 0.010, 248.920, 66.841, 335.113, 25.948, -106.995, 2.572, 1.564, 0.010, 251.045, 66.827
332.037, 24.831, -106.363, -2.477, 1.565, 0.010, 248.922, 67.089, 335.361, 24.878, -106.970, 2.476, 1.565, 0.010, 251.047, 67.076
332.274, 23.767, -106.387, -2.382, 1.565, 0.010, 248.923, 67.327, 335.599, 23.809, -106.946, 2.382, 1.565, 0.010, 251.048, 67.314
332.501, 22.703, -106.410, -2.288, 1.565, 0.010, 248.925, 67.554, 335.827, 22.739, -106.923, 2.288, 1.565, 0.010, 251.049, 67.541
332.718, 21.638, -106.432, -2.194, 1.565, 0.010, 248.926, 67.770, 336.044, 21.670, -106.901, 2.194, 1.565, 0.010, 251.051, 67.758
332.923, 20.574, -106.453, -2.100, 1.565, 0.010, 248.927, 67.976, 336.250, 20.601, -106.880, 2.098, 1.565, 0.010, 251.052, 67.964
333.118, 19.509, -106.473, -2.004, 1.565, 0.010, 248.928, 68.171, 336.445, 19.533, -106.860, 2.005, 1.565, 0.010, 251.053, 68.160
333.303, 18.444, -106.492, -1.909, 1.565, 0.010, 248.929, 68.356, 336.629, 18.464, -106.841, 1.909, 1.565, 0.010, 251.054, 68.344
333.477, 17.379, -106.510, -1.813, 1.565, 0.010, 248.930, 68.529, 336.803, 17.396, -106.823, 1.813, 1.565, 0.010, 251.055, 68.518
333.640, 16.314, -106.527, -1.716, 1.566, 0.010, 248.931, 68.693, 336.967, 16.328, -106.806, 1.715, 1.566, 0.010, 251.056, 68.681
333.792, 15.248, -106.543, -1.617, 1.566, 0.010, 248.932, 68.845, 337.119, 15.260, -106.790, 1.618, 1.566, 0.010, 251.057, 68.834
333.934, 14.183, -106.559, -1.519, 1.566, 0.010, 248.932, 68.987, 337.261, 14.193, -106.775, 1.518, 1.566, 0.010, 251.057, 68.976
334.065, 13.117, -106.573, -1.418, 1.566, 0.010, 248.933, 69.118, 337.393, 13.125, -106.761, 1.418, 1.566, 0.010, 251.058, 69.107
334.186, 12.051, -106.586, -1.317, 1.566, 0.010, 248.934, 69.239, 337.513, 12.057, -106.747, 1.317, 1.566, 0.010, 251.059, 69.228
334.296, 10.985, -106.598, -1.214, 1.566, 0.010, 248.934, 69.348, 337.623, 10.990, -106.735, 1.215, 1.566, 0.010, 251.059, 69.338
334.395, 9.919, -106.609, -1.111, 1.566, 0.010, 248.935, 69.448, 337.722, 9.923, -106.724, 1.111, 1.566, 0.010, 251.060, 69.437
334.484, 8.874, -104.548, 206.114, 1.566, 0.010, 248.935, 69.536, 337.811, 8.876, -104.642, 208.190, 1.566, 0.010, 251.060, 69.526
334.562, 7.878, -99.523, 502.499, 1.566, 0.010, 248.936, 69.615, 337.890, 7.880, -99.598, 504.397, 1.566, 0.010, 251.061, 69.604
334.632, 6.942, -93.605, 591.781, 1.566, 0.010, 248.936, 69.685, 337.959, 6.944, -93.664, 593.404, 1.566, 0.010, 251.061, 69.674
334.692, 6.065, -87.686, 591.919, 1.566, 0.010, 248.936, 69.745, 338.020, 6.066, -87.732, 593.266, 1.566, 0.010, 251.061, 69.735
334.745, 5.248, -81.766, 592.042, 1.566, 0.010, 248.936, 69.798, 338.072, 5.248, -81.800, 593.144, 1.566, 0.010, 251.061, 69.787
334.790, 4.489, -75.844, 592.148, 1.566, 0.010, 248.937, 69.843, 338.117, 4.490, -75.870, 593.037, 1.566, 0.010, 251.062, 69.832
334.828, 3.790, -69.922, 592.240, 1.566, 0.010, 248.937, 69.880, 338.155, 3.790, -69.940, 592.945, 1.566, 0.010, 251.062, 69.870
334.859, 3.150, -63.999, 592.319, 1.566, 0.010, 248.937, 69.912, 338.187, 3.150, -64.012, 592.866, 1.566, 0.010, 251.062, 69.901
334.885, 2.569, -58.075, 592.385, 1.566, 0.010, 248.937, 69.938, 338.212, 2.569, -58.084, 592.800, 1.566, 0.010, 251.062, 69.927
334.905, 2.048, -52.150, 592.439, 1.566, 0.010, 248.937, 69.958, 338.233, 2.048, -52.156, 592.746, 1.566, 0.010, 251.062, 69.948
334.921, 1.586, -46.226, 592.483, 1.566, 0.010, 248.937, 69.974, 338.249, 1.586, -46.229, 592.702, 1.566, 0.010, 251.062, 69.963
334.933, 1.183, -40.300, 592.518, 1.566, 0.010, 248.937, 69.986, 338.261, 1.183, -40.302, 592.667, 1.566, 0.010, 251.062, 69.975
334.941, 0.839, -34.375, 592.544, 1.566, 0.010, 248.937, 69.994, 338.269, 0.839, -34.376, 592.641, 1.566, 0.010, 251.062, 69.984
334.947, 0.554, -28.449, 592.564, 1.566, 0.010, 248.937, 70.000, 338.274, 0.554, -28.450, 592.622, 1.566, 0.010, 251.062, 69.989
334.950, 0.329, -22.524, 592.577, 1.566, 0.010, 248.938, 70.003, 338.278, 0.329, -22.524, 592.608, 1.566, 0.010, 251.062, 69.992
334.952, 0.163, -16.598, 592.585, 1.566, 0.010, 248.938, 70.005, 338.279, 0.163, -16.598, 592.600, 1.566, 0.010, 251.062, 69.994
334.952, 0.056, -10.672, 592.590, 1.566, 0.010, 248.938, 70.005, 338.280, 0.056, -10.672, 592.595, 1.566, 0.010, 251.062, 69.995
334.953, 0.009, -4.746, 592.592, 1.566, 0.010, 248.938, 70.005, 338.280, 0.009, -4.746, 592.593, 1.566, 0.010, 251.062, 69.995
334.953, 0.000, -0.891, 385.441, 1.566, 0.010, 248.938, 70.005, 338.280, 0.000, -0.891, 385.441, 1.566, 0.010, 251.062, 69.995
